48.997330
-28.113222
0.000000
0.000000
0.000000
0.000000
0.000000
0.000000
0.000000
0.000000
0.000000
0.000000
0.000000
0.000000
0.000000
0.000000
0.000000
0.000000
0.000000
0.000000
0.000000
0.000000
0.000000
0.000000
0.000000
0.000000
0.000000
0.000000
0.000000
0.000000
0.000000
0.000000
0.000000
0.000000
0.000000
0.000000
0.000000
0.000000
0.000000
0.000000
0.000000
0.000000
0.000000
0.000000
0.000000
0.000000
0.000000
0.000000
0.000000
0.000000
0.000000
0.000000
0.000000
0.000000
0.000000
0.000000
0.000000
0.000000
0.000000
0.000000
0.000000
0.000000
0.000000
0.000000
0.000000
0.000000
0.000000
0.000000
0.000000
0.000000
0.000000
0.000000
0.000000
0.000000
0.000000
0.000000
0.000000
0.000000
0.000000
0.000000
0.000000
0.000000
0.000000
0.000000
0.000000
0.000000
0.000000
0.000000
0.000000
0.000000
0.000000
0.000000
0.000000
0.000000
0.000000
0.000000
0.000000
0.000000
0.000000
0.000000
0.000000
0.000000
0.000000
0.000000
0.000000
0.000000
0.000000
0.000000
0.000000
0.000000
0.000000
0.000000
0.000000
0.000000
0.000000
0.000000
0.000000
0.000000
0.000000
0.000000
0.000000
0.000000
0.000000
0.000000
0.000000
0.000000
0.000000
0.000000
0.000000
0.000000
0.000000
0.000000
0.000000
0.000000
0.000000
0.000000
0.000000
0.000000
0.000000
0.000000
0.000000
0.000000
0.000000
0.000000
0.000000
0.000000
0.000000
0.000000
0.000000
0.000000
0.000000
0.000000
0.000000
0.000000
0.000000
0.000000
0.000000
0.000000
0.000000
0.000000
0.000000
0.000000
0.000000
0.000000
0.000000
0.000000
0.000000
0.000000
0.000000
0.000000
0.000000
0.000000
0.000000
0.000000
0.000000
0.000000
0.000000
0.000000
0.000000
0.000000
0.000000
0.000000
0.000000
0.000000
0.000000
0.000000
0.000000
0.000000
0.000000
0.000000
0.000000
0.000000
0.000000
0.000000
0.000000
0.000000
0.000000
0.000000
0.000000
0.000000
0.000000
0.000000
-23.695431
54.218357
-6.024262
-44.579536
39.559319
23.695431
-50.402992
9.839628
43.173878
-36.346378
-25.703518
48.194096
-9.839628
-49.398949
35.743954
18.675213
-50.402992
7.630732
44.579536
-35.141529
-22.892195
49.599758
-9.237202
-47.792477
34.940720
20.482491
-50.001373
5.020218
43.173878
-38.555275
-27.109179
50.402992
-11.847715
-50.001373
36.547188
17.871977
-49.198139
6.827497
44.378731
-35.342335
-22.892195
52.411079
-7.831541
-43.575493
37.551231
22.892195
-49.398949
9.638819
46.788433
-35.141529
-19.880064
53.415123
-6.626688
-44.579536
40.362556
19.679256
-48.796520
11.646906
44.579536
-34.539101
-20.080873
52.210270
-6.626688
-43.977112
38.354469
22.088961
-50.402992
11.847715
42.772259
-35.141529
-24.900282
49.398949
-10.642862
-48.595715
37.952850
18.474403
-50.402992
7.229114
44.177921
-38.956894
-25.502708
51.005417
-13.253376
-45.382774
36.948807
18.675213
-52.210270
6.827497
42.169834
-37.752041
-25.301901
51.407036
-12.048524
-48.194096
36.948807
19.880064
-50.402992
10.442054
45.985199
-37.350426
-20.683300
51.407036
-8.233158
-47.390862
38.153660
19.277637
-50.202183
9.036393
46.788433
-36.145573
-18.273594
54.017548
-5.421836
-42.973068
41.165791
21.888151
-50.001373
10.241245
46.587624
-35.743954
-20.080873
52.210270
-9.438010
-45.181965
39.960938
21.285725
-49.800564
12.249332
45.382774
-37.149616
-20.683300
50.001373
-8.835584
-42.169834
41.165791
21.285725
-49.398949
9.237202
42.772259
-35.342335
-22.691387
52.411079
-13.654994
-45.583580
37.952850
21.285725
-47.591671
12.650950
43.977112
-37.551231
-23.293812
49.800564
-12.450141
-45.583580
39.358513
20.683300
-50.402992
8.634775
43.776302
-40.161747
-22.490578
51.206226
-11.245289
-42.370644
42.973068
20.884108
-47.591671
8.634775
43.977112
-39.157703
-22.490578
51.407036
-11.646906
-45.583580
39.559319
18.273594
-51.607845
9.438010
41.366600
-38.756084
-22.691387
52.411079
-10.040437
-42.169834
42.772259
20.281681
-49.198139
10.040437
40.563362
-41.165791
-22.691387
47.993286
-11.044480
-44.981155
38.555275
19.679256
-52.411079
7.429923
41.165791
-42.571449
-20.080873
52.411079
-10.442054
-44.579536
39.559319
19.478447
-48.194096
13.052567
44.579536
-38.956894
-20.683300
49.398949
-11.847715
-45.181965
38.956894
18.474403
-50.603802
11.044480
42.169834
-38.354469
-23.093004
49.599758
-13.855803
-44.378731
40.964981
21.687344
-48.997330
13.454185
44.579536
-37.752041
-18.675213
50.202183
-12.048524
-46.989243
38.354469
17.068743
-49.398949
13.052567
44.378731
-34.137486
-17.470360
54.820782
-9.036393
-42.571449
41.969025
18.675213
-47.591671
11.847715
42.169834
-39.157703
-19.478447
50.804607
-10.843672
-44.780346
40.161747
18.675213
-48.796520
12.048524
43.776302
-39.559319
-20.884108
52.009460
-11.847715
-42.571449
41.969025
20.884108
-48.595715
13.855803
44.177921
-37.952850
-19.679256
51.206226
-10.241245
-43.977112
42.973068
18.273594
-49.398949
11.245289
42.973068
-38.555275
-19.679256
51.607845
-10.241245
-41.165791
42.772259
22.892195
-50.001373
13.654994
45.181965
-38.555275
-16.064699
54.820782
-10.642862
-42.169834
41.366600
18.072786
-48.997330
12.650950
44.177921
-37.551231
-17.470360
53.214314
-12.249332
-44.177921
39.358513
16.466316
-51.005417
10.241245
41.768215
-40.964981
-20.683300
51.808651
-12.450141
-43.374687
41.567406
18.876020
-51.808651
13.454185
38.956894
-39.559319
-21.285725
52.210270
-13.454185
-43.575493
40.563362
17.470360
-50.402992
14.257420
41.768215
-38.555275
-16.667124
53.415123
-11.847715
-39.358513
43.374687
19.478447
-46.386818
13.855803
41.567406
-39.559319
-19.277637
51.407036
-12.450141
-42.571449
42.973068
17.470360
-50.603802
15.261463
41.969025
-38.756084
-16.265507
51.407036
-12.249332
-42.571449
40.362556
17.871977
-50.603802
17.269550
43.776302
-35.944763
-16.667124
51.808651
-11.245289
-41.969025
42.370644
18.474403
-51.206226
16.064699
41.366600
-38.956894
-19.478447
49.198139
-15.261463
-45.181965
38.153660
14.458228
-53.214314
14.659038
40.764172
-38.956894
-19.478447
51.407036
-14.257420
-40.161747
42.571449
18.474403
-50.202183
15.663081
40.764172
-38.555275
-19.076830
50.202183
-15.261463
-43.977112
40.764172
15.663081
-50.202183
14.859846
44.780346
-38.555275
-18.072786
52.009460
-16.265507
-42.169834
42.169834
17.068743
-54.017548
14.257420
38.354469
-42.169834
-18.474403
48.394905
-15.863890
-44.579536
42.370644
16.466316
-49.800564
16.867933
40.964981
-40.161747
-17.269550
50.202183
-14.859846
-41.165791
41.567406
18.072786
-50.001373
15.261463
39.960938
-38.956894
-18.675213
53.816738
-13.855803
-40.764172
42.571449
14.859846
-50.804607
13.855803
40.764172
-40.563362
-18.876020
50.001373
-15.663081
-43.575493
42.169834
16.466316
-51.808651
16.064699
38.555275
-42.571449
-18.876020
50.202183
-15.060655
-42.973068
40.563362
14.458228
-49.800564
17.269550
43.776302
-40.964981
-17.470360
51.407036
-15.863890
-40.161747
42.973068
15.663081
-49.800564
14.659038
41.969025
-41.567406
-16.064699
49.599758
-18.474403
-43.977112
40.764172
14.859846
-50.402992
12.650950
38.956894
-46.788433
-19.679256
48.394905
-19.679256
-42.169834
42.169834
14.659038
-49.599758
16.064699
38.956894
-40.764172
-17.470360
51.005417
-16.064699
-40.764172
42.370644
15.863890
-49.198139
18.273594
42.169834
-37.952850
-12.851759
53.816738
-12.851759
-36.747997
44.378731
17.269550
-47.390862
19.478447
41.366600
-35.944763
-12.650950
52.812695
-11.245289
-36.346378
46.788433
17.671167
-45.382774
18.474403
39.960938
-36.547188
-10.843672
54.619976
-10.040437
-29.318075
47.993286
19.880064
-37.149616
28.314032
45.784389
-28.715649
-2.008087
54.419167
-5.020218
-25.703518
47.190052
18.675213
-35.944763
29.920502
44.378731
-22.691387
-2.208896
55.824825
-6.626688
-24.097048
49.599758
21.888151
-33.535057
26.908369
42.973068
-28.514839
0.401617
54.419167
-5.020218
-25.703518
44.780346
15.663081
-39.559319
22.088961
40.964981
-31.125353
-4.618601
48.595715
-11.044480
-30.322119
43.575493
15.863890
-39.157703
24.498665
40.362556
-27.912413
-4.618601
49.800564
-13.253376
-27.711605
42.370644
14.458228
-37.952850
24.699474
37.551231
-30.121309
-10.241245
45.382774
-16.667124
-31.326162
40.964981
11.847715
-40.161747
19.880064
35.543144
-35.743954
-9.839628
44.780346
-15.060655
-27.309988
44.780346
17.871977
-35.743954
22.892195
35.141529
-33.535057
-9.638819
44.981155
-13.855803
-32.932632
39.157703
9.237202
-44.177921
15.863890
32.129398
-36.547188
-13.855803
41.768215
-22.289768
-39.157703
33.334248
9.036393
-46.587624
17.470360
30.723736
-38.956894
-11.646906
42.169834
-18.474403
-38.153660
37.149616
6.024262
-44.177921
15.663081
31.526970
-39.358513
-14.458228
41.366600
-20.884108
-38.555275
36.346378
6.024262
-47.792477
13.052567
29.117266
-39.760128
-11.847715
43.374687
-16.867933
-39.358513
32.932632
3.815366
-50.603802
15.060655
30.121309
-39.760128
-13.654994
39.358513
-20.683300
-39.760128
35.543144
5.622644
-47.792477
15.663081
27.711605
-39.960938
-9.036393
43.173878
-16.064699
-38.153660
32.531013
5.020218
-48.796520
12.851759
29.518883
-41.969025
-12.650950
43.575493
-20.080873
-34.137486
37.952850
9.237202
-45.181965
14.458228
26.908369
-39.760128
-13.253376
42.169834
-17.470360
-37.350426
37.551231
6.425879
-46.186008
13.654994
30.322119
-39.157703
-9.839628
44.378731
-19.679256
-39.559319
33.133442
4.417792
-47.591671
15.060655
28.514839
-40.362556
-13.454185
41.366600
-19.880064
-37.551231
35.342335
8.433967
-48.394905
14.859846
28.314032
-42.973068
-15.060655
42.169834
-20.683300
-34.338291
40.161747
7.229114
-47.993286
15.261463
26.908369
-40.764172
-13.454185
42.169834
-18.675213
-35.141529
37.952850
6.225070
-45.382774
17.269550
33.535057
-37.952850
-14.659038
40.563362
-22.289768
-38.756084
37.350426
5.823453
-47.993286
20.884108
29.920502
-36.145573
-14.458228
42.370644
-19.277637
-34.940720
40.161747
8.233158
-46.186008
16.064699
30.522926
-37.952850
-10.442054
43.575493
-20.683300
-37.350426
36.747997
6.024262
-43.575493
16.466316
31.125353
-38.555275
-11.044480
42.973068
-20.080873
-36.948807
38.956894
6.626688
-43.776302
16.064699
29.117266
-40.964981
-10.442054
41.165791
-18.675213
-37.952850
36.346378
5.221027
-45.784389
18.675213
30.121309
-35.743954
-8.634775
45.181965
-14.859846
-32.330204
39.960938
9.237202
-43.575493
18.273594
30.322119
-39.760128
-14.859846
40.362556
-20.683300
-39.358513
38.153660
5.421836
-46.386818
18.876020
30.322119
-38.153660
-10.843672
44.981155
-18.876020
-34.940720
35.743954
6.024262
-46.788433
15.663081
32.330204
-40.964981
-9.438010
41.165791
-18.675213
-38.756084
36.547188
5.622644
-45.784389
18.072786
32.731823
-39.760128
-12.851759
42.571449
-19.679256
-33.535057
40.161747
7.429923
-46.386818
16.466316
30.121309
-40.362556
-11.646906
44.177921
-19.076830
-32.932632
38.756084
7.831541
-46.788433
16.064699
30.924545
-42.169834
-12.249332
40.563362
-23.093004
-34.338291
37.350426
9.237202
-43.977112
20.884108
32.129398
-37.752041
-6.626688
42.169834
-15.261463
-35.141529
38.153660
6.225070
-47.993286
16.265507
29.518883
-40.161747
-6.024262
45.985199
-17.068743
-33.133442
38.354469
7.429923
-43.374687
20.884108
34.338291
-37.752041
-10.241245
43.173878
-21.888151
-36.547188
39.760128
6.827497
-45.583580
18.675213
31.125353
-41.165791
-7.429923
44.780346
-20.482491
-35.543144
35.743954
5.020218
-45.583580
18.474403
30.121309
-41.366600
-7.028306
42.973068
-14.859846
-34.739910
39.157703
5.622644
-47.390862
18.474403
32.330204
-41.567406
-8.634775
41.969025
-21.084917
-34.338291
38.555275
6.225070
-44.981155
18.876020
31.928589
-39.358513
-10.241245
42.772259
-19.880064
-36.145573
39.358513
7.028306
-45.784389
21.285725
31.326162
-37.350426
-7.028306
46.186008
-17.671167
-31.326162
40.161747
8.032350
-43.173878
19.478447
31.928589
-38.555275
-10.642862
44.378731
-20.281681
-32.731823
40.964981
7.831541
-44.177921
21.285725
31.526970
-37.149616
-6.225070
45.985199
-19.679256
-33.334248
36.948807
5.622644
-45.784389
21.084917
32.731823
-38.354469
-11.446097
41.567406
-23.896238
-33.334248
42.973068
9.237202
-40.161747
20.482491
33.133442
-36.948807
-4.417792
45.382774
-18.273594
-32.731823
38.756084
5.622644
-45.181965
17.269550
30.121309
-41.768215
-6.827497
42.169834
-18.273594
-34.137486
40.964981
6.425879
-42.973068
23.093004
32.731823
-37.350426
-8.032350
43.776302
-20.482491
-32.731823
42.169834
5.622644
-41.768215
21.084917
30.924545
-37.350426
-10.442054
43.575493
-20.884108
-32.731823
40.362556
7.831541
-47.190052
21.084917
29.920502
-39.760128
-10.843672
41.366600
-23.896238
-33.735867
40.563362
7.429923
-44.177921
19.478447
29.719692
-39.157703
-9.839628
45.181965
-22.490578
-34.338291
36.547188
3.012131
-47.190052
17.871977
29.518883
-41.567406
-6.626688
42.571449
-19.478447
-35.543144
37.952850
5.622644
-45.382774
20.884108
30.522926
-39.960938
-10.843672
45.382774
-24.097048
-32.129398
38.354469
4.216983
-43.977112
20.482491
31.326162
-38.354469
-7.831541
44.579536
-20.482491
-31.928589
40.964981
6.425879
-44.579536
20.884108
29.318075
-38.555275
-10.843672
46.186008
-21.084917
-30.121309
47.993286
9.237202
-39.358513
23.896238
33.334248
-37.952850
-5.823453
43.776302
-19.277637
-34.739910
39.559319
1.606470
-47.390862
19.478447
30.121309
-39.559319
-10.642862
41.969025
-20.683300
-37.952850
41.567406
4.216983
-45.181965
22.691387
31.125353
-40.161747
-6.425879
43.575493
-19.679256
-30.723736
41.366600
7.429923
-44.780346
22.691387
30.322119
-37.551231
-3.012131
46.587624
-19.076830
-31.125353
38.756084
5.421836
-45.382774
23.896238
32.932632
-39.960938
-7.831541
41.969025
-23.093004
-32.129398
43.776302
7.229114
-43.374687
21.486534
29.117266
-41.366600
-2.008087
47.591671
-14.659038
-25.101091
47.591671
9.438010
-41.768215
21.285725
29.318075
-39.358513
-3.815366
46.186008
-19.880064
-32.330204
39.960938
3.413749
-48.595715
20.080873
28.113222
-40.764172
-6.225070
44.579536
-21.084917
-31.526970
41.567406
4.417792
-43.374687
21.687344
31.727779
-39.358513
-6.024262
44.579536
-21.285725
-32.932632
39.760128
2.610513
-42.772259
25.502708
32.932632
-37.551231
-7.630732
40.161747
-24.097048
-34.940720
39.760128
3.012131
-47.190052
20.281681
28.314032
-38.956894
-2.008087
46.788433
-16.667124
-34.940720
41.969025
3.614557
-44.780346
24.699474
30.322119
-42.370644
-13.052567
38.555275
-26.707561
-35.342335
40.964981
3.012131
-45.784389
23.293812
30.322119
-39.559319
-6.827497
41.969025
-21.486534
-30.924545
42.973068
5.421836
-44.981155
18.675213
29.318075
-41.366600
-4.016175
45.181965
-21.084917
-34.940720
39.760128
2.409705
-46.788433
22.289768
28.916456
-40.362556
-5.823453
44.378731
-21.687344
-30.322119
43.374687
5.622644
-41.969025
24.498665
32.129398
-40.161747
-5.421836
41.969025
-24.297857
-34.539101
39.760128
2.811322
-46.989243
22.289768
27.912413
-41.768215
-3.012131
44.378731
-19.478447
-31.928589
40.161747
4.216983
-46.186008
23.293812
26.506752
-40.362556
-7.831541
43.173878
-23.293812
-35.342335
37.350426
0.200809
-43.776302
24.097048
32.330204
-39.960938
-5.221027
44.579536
-23.293812
-29.518883
40.764172
3.413749
-42.169834
22.691387
30.322119
-42.169834
-7.831541
41.768215
-22.289768
-32.731823
42.973068
3.614557
-45.784389
21.285725
30.322119
-44.579536
-5.622644
44.177921
-22.289768
-30.121309
42.370644
3.012131
-45.583580
28.514839
33.535057
-34.739910
0.200809
45.583580
-21.486534
-29.117266
42.973068
6.425879
-43.173878
27.309988
30.322119
-39.760128
-7.429923
43.374687
-25.502708
-29.518883
41.969025
6.827497
-44.981155
22.691387
28.514839
-41.366600
0.803235
47.591671
-17.068743
-27.912413
41.567406
4.618601
-43.374687
22.490578
29.518883
-40.362556
-5.421836
44.780346
-23.293812
-33.133442
40.964981
2.811322
-44.780346
22.289768
28.514839
-43.374687
-4.016175
43.977112
-20.281681
-29.318075
43.977112
7.429923
-42.571449
23.093004
29.518883
-44.579536
-3.212940
42.169834
-21.687344
-31.526970
42.571449
3.815366
-44.780346
21.084917
26.908369
-42.370644
-5.221027
47.591671
-21.285725
-28.314032
42.973068
4.216983
-45.985199
22.892195
26.506752
-44.579536
-4.216983
41.768215
-21.687344
-28.715649
44.780346
7.429923
-44.378731
22.289768
27.309988
-43.575493
-5.020218
45.382774
-23.896238
-30.723736
40.161747
1.606470
-45.181965
22.691387
29.117266
-41.366600
-4.618601
44.780346
-24.297857
-30.723736
39.559319
2.208896
-44.177921
24.297857
29.518883
-39.760128
-1.204852
44.981155
-20.683300
-26.105135
44.981155
6.425879
-41.165791
24.297857
28.715649
-41.366600
-2.610513
44.177921
-21.888151
-30.322119
42.772259
1.807279
-43.575493
26.707561
27.912413
-38.153660
-3.413749
45.181965
-20.482491
-27.711605
44.780346
3.413749
-42.169834
27.912413
30.924545
-37.952850
-3.212940
43.977112
-24.297857
-28.314032
44.177921
2.409705
-42.370644
22.490578
29.518883
-43.575493
-2.008087
41.366600
-23.293812
-30.522926
40.964981
2.610513
-45.181965
21.084917
26.707561
-44.981155
-2.610513
43.374687
-21.285725
-32.330204
42.571449
0.803235
-43.173878
25.502708
28.916456
-41.567406
-5.622644
43.575493
-25.904325
-26.707561
47.591671
6.225070
-38.956894
24.699474
28.514839
-42.571449
-4.016175
43.575493
-21.687344
-30.723736
42.973068
1.004044
-45.382774
24.900282
28.916456
-43.776302
-6.626688
39.358513
-26.707561
-31.727779
43.173878
1.405661
-44.177921
26.707561
26.707561
-40.161747
-2.811322
43.173878
-22.088961
-30.924545
40.964981
0.401617
-47.792477
24.498665
27.109179
-42.973068
-3.614557
42.370644
-23.896238
-33.535057
41.567406
0.602426
-46.186008
25.502708
28.715649
-42.571449
-2.409705
44.579536
-24.699474
-30.924545
41.768215
1.204852
-42.571449
27.510796
29.518883
-41.165791
-3.815366
44.378731
-24.097048
-28.314032
44.579536
1.004044
-42.772259
25.703518
28.314032
-42.571449
-4.216983
41.768215
-23.494621
-30.522926
43.977112
2.610513
-44.579536
25.904325
27.711605
-44.981155
-6.225070
41.165791
-27.510796
-28.514839
42.571449
2.811322
-45.181965
27.510796
26.908369
-39.157703
-1.807279
43.776302
-23.695431
-29.719692
41.969025
1.004044
-44.177921
27.510796
27.711605
-41.969025
-5.020218
40.563362
-26.105135
-31.727779
41.567406
-0.401617
-43.776302
26.506752
29.518883
-42.772259
-5.221027
40.964981
-26.707561
-28.916456
46.186008
2.811322
-42.973068
26.908369
27.109179
-40.362556
-0.803235
43.575493
-24.900282
-28.514839
42.370644
3.212940
-45.583580
24.097048
26.506752
-41.969025
2.008087
46.186008
-22.892195
-26.506752
43.776302
4.216983
-42.370644
26.305944
25.703518
-42.973068
0.200809
44.378731
-21.486534
-25.502708
44.780346
3.614557
-41.165791
28.514839
28.715649
-39.559319
-2.610513
44.981155
-23.896238
-27.109179
44.780346
2.208896
-40.563362
26.908369
28.715649
-42.772259
-3.614557
38.956894
-25.101091
-31.928589
42.571449
0.401617
-44.177921
25.904325
28.715649
-41.165791
1.405661
44.579536
-23.494621
-27.109179
45.784389
2.008087
-40.964981
25.703518
28.314032
-41.567406
0.000000
45.784389
-21.888151
-22.088961
48.595715
1.204852
-43.575493
21.486534
23.896238
-44.378731
-1.405661
43.173878
-23.695431
-30.322119
41.567406
-1.004044
-44.378731
27.510796
28.715649
-42.169834
1.807279
44.378731
-24.297857
-27.510796
44.981155
0.803235
-38.756084
30.522926
29.518883
-37.350426
3.212940
45.583580
-24.097048
-26.506752
42.370644
0.401617
-42.571449
26.506752
25.703518
-41.567406
0.200809
42.571449
-22.289768
-25.703518
45.181965
3.815366
-42.370644
26.908369
27.711605
-43.575493
-0.602426
41.366600
-25.101091
-26.908369
43.977112
0.602426
-43.374687
27.309988
25.301901
-39.760128
-1.204852
43.575493
-26.707561
-26.506752
42.169834
3.212940
-40.563362
28.916456
28.113222
-40.362556
0.200809
42.571449
-26.506752
-29.318075
40.764172
-1.405661
-46.788433
22.088961
22.088961
-44.780346
-2.409705
44.780346
-25.301901
-27.510796
44.177921
-0.803235
-43.776302
24.297857
26.105135
-44.579536
-4.417792
40.964981
-31.326162
-31.727779
43.776302
0.200809
-42.973068
27.109179
26.305944
-43.977112
1.204852
43.374687
-26.707561
-30.322119
41.567406
-1.004044
-46.186008
25.101091
22.289768
-46.186008
-2.008087
41.567406
-25.502708
-26.707561
44.579536
0.401617
-40.764172
28.113222
27.109179
-41.567406
-1.606470
42.370644
-26.305944
-30.723736
40.964981
-5.622644
-47.390862
25.301901
24.699474
-43.173878
0.803235
42.571449
-25.101091
-27.711605
42.973068
2.208896
-43.173878
29.719692
28.514839
-43.173878
0.803235
43.173878
-26.707561
-25.502708
45.784389
2.208896
-41.567406
29.719692
24.900282
-42.571449
-5.221027
40.764172
-29.318075
-29.117266
43.977112
-3.413749
-42.169834
30.924545
27.711605
-35.944763
3.614557
44.579536
-23.093004
-22.892195
45.784389
2.208896
-39.358513
29.117266
25.502708
-41.165791
3.614557
42.772259
-21.687344
-21.888151
46.386818
2.409705
-39.358513
26.908369
26.506752
-39.760128
7.429923
45.382774
-22.289768
-22.289768
47.591671
0.000000
-35.543144
33.133442
29.117266
-31.727779
12.851759
45.784389
-22.490578
-22.289768
42.571449
-2.008087
-35.944763
32.731823
25.703518
-36.346378
7.229114
41.165791
-22.289768
-17.871977
47.792477
1.204852
-35.342335
28.715649
20.884108
-42.169834
2.008087
37.551231
-26.908369
-21.084917
44.378731
-1.807279
-38.756084
29.518883
20.482491
-38.153660
5.221027
39.358513
-26.305944
-18.876020
42.370644
0.000000
-37.752041
27.510796
23.093004
-40.964981
4.016175
37.952850
-25.502708
-20.080873
45.382774
1.606470
-36.948807
33.535057
23.093004
-39.358513
5.421836
37.752041
-24.498665
-22.490578
43.374687
-3.012131
-38.555275
29.117266
22.892195
-40.161747
5.622644
40.764172
-27.109179
-22.088961
42.772259
-2.811322
-41.567406
23.896238
19.478447
-51.607845
-13.855803
29.318075
-42.973068
-44.378731
34.739910
-16.265507
-61.045853
15.663081
14.257420
-58.836960
-11.446097
32.330204
-43.575493
-44.177921
32.531013
-14.859846
-60.644238
17.269550
13.654994
-57.832912
-10.442054
35.743954
-38.756084
-40.964981
37.149616
-13.253376
-59.439384
19.076830
16.265507
-58.234531
-9.438010
35.342335
-38.354469
-41.366600
38.354469
-10.241245
-58.033722
22.490578
18.474403
-58.033722
-7.630732
37.952850
-36.346378
-37.551231
41.567406
-11.044480
-55.624020
19.880064
20.683300
-56.025635
-5.622644
39.358513
-37.149616
-35.342335
40.964981
-7.028306
-57.431297
21.888151
22.490578
-56.025635
-4.819409
40.362556
-39.358513
-36.747997
42.571449
-7.229114
-53.013504
26.105135
23.494621
-53.013504
-3.212940
42.973068
-32.932632
-34.338291
44.177921
-5.622644
-53.415123
26.506752
26.105135
-49.398949
0.602426
47.591671
-32.330204
-32.330204
46.386818
-4.216983
-49.398949
28.514839
24.900282
-49.800564
-2.208896
46.587624
-31.727779
-32.731823
47.190052
-3.614557
-50.804607
28.113222
24.699474
-52.210270
-2.811322
46.788433
-31.727779
-29.920502
49.599758
-3.614557
-47.993286
29.920502
27.109179
-49.398949
2.610513
48.194096
-28.715649
-28.113222
46.989243
-0.200809
-50.001373
32.330204
27.510796
-48.997330
1.807279
50.402992
-28.314032
-28.113222
52.611889
-0.803235
-45.181965
32.531013
28.715649
-48.194096
3.815366
48.394905
-28.514839
-31.326162
47.190052
-1.807279
-45.784389
35.543144
33.936676
-45.382774
3.012131
48.796520
-28.314032
-27.510796
53.013504
1.405661
-45.985199
33.334248
29.117266
-47.591671
2.208896
50.202183
-28.113222
-27.109179
50.804607
0.000000
-45.985199
33.735867
30.121309
-49.398949
1.606470
45.181965
-27.912413
-29.117266
52.812695
2.409705
-47.190052
36.747997
29.518883
-44.378731
4.016175
51.005417
-28.715649
-28.715649
50.804607
-1.204852
-47.390862
35.743954
30.322119
-43.977112
5.823453
51.206226
-27.109179
-31.928589
50.402992
-3.212940
-46.989243
38.555275
31.727779
-42.370644
7.429923
49.198139
-25.101091
-27.711605
54.218357
0.803235
-44.177921
34.539101
30.723736
-45.784389
4.819409
51.407036
-27.912413
-27.309988
51.407036
-0.602426
-45.985199
38.354469
31.928589
-41.969025
5.020218
50.001373
-29.518883
-29.920502
51.005417
0.401617
-45.583580
32.731823
30.723736
-48.194096
1.807279
51.407036
-29.318075
-25.904325
53.214314
0.602426
-47.390862
33.133442
30.121309
-46.186008
2.610513
51.005417
-32.531013
-26.105135
52.411079
1.405661
-44.981155
36.547188
29.920502
-47.390862
5.020218
48.796520
-26.506752
-26.105135
53.816738
0.602426
-44.780346
34.940720
32.129398
-47.390862
3.815366
48.997330
-31.125353
-29.318075
50.202183
0.000000
-45.382774
34.539101
31.125353
-49.398949
3.212940
47.993286
-29.318075
-28.314032
51.607845
0.401617
-47.993286
35.342335
29.117266
-45.784389
3.012131
48.796520
-28.314032
-27.109179
53.214314
1.204852
-48.595715
35.743954
28.715649
-45.181965
5.020218
49.198139
-29.117266
-27.510796
52.210270
-1.405661
-46.587624
33.936676
26.506752
-46.788433
2.811322
50.603802
-28.514839
-23.293812
52.611889
1.004044
-46.587624
34.539101
29.518883
-47.591671
5.221027
47.792477
-31.928589
-28.314032
50.202183
-1.807279
-46.788433
34.739910
26.707561
-46.386818
4.016175
50.001373
-29.117266
-27.510796
51.407036
-2.610513
-49.198139
32.531013
27.711605
-48.394905
5.020218
50.402992
-30.924545
-27.109179
53.615932
-1.807279
-44.177921
36.547188
28.715649
-44.579536
6.425879
50.202183
-28.514839
-28.113222
51.005417
-2.610513
-48.394905
31.727779
26.908369
-49.398949
3.012131
48.595715
-31.326162
-29.719692
52.611889
-2.811322
-47.390862
35.342335
26.908369
-45.583580
4.618601
49.800564
-30.522926
-30.924545
50.202183
-4.819409
-48.194096
33.334248
26.707561
-46.186008
6.827497
53.214314
-28.113222
-25.101091
51.607845
0.200809
-44.780346
37.551231
27.510796
-47.792477
2.008087
46.587624
-32.932632
-30.723736
51.005417
-4.618601
-46.587624
33.735867
26.105135
-48.394905
2.008087
46.989243
-33.334248
-32.330204
46.587624
-6.024262
-50.804607
31.928589
26.908369
-50.603802
2.208896
47.792477
-32.531013
-27.109179
52.009460
-1.606470
-45.382774
35.342335
28.113222
-48.796520
1.807279
46.587624
-33.735867
-27.711605
52.009460
-1.807279
-45.583580
33.535057
27.309988
-48.997330
5.823453
46.386818
-31.928589
-28.715649
50.202183
-1.204852
-47.792477
33.735867
28.314032
-49.198139
8.233158
48.796520
-28.916456
-25.904325
50.402992
-3.012131
-48.194096
33.936676
27.711605
-45.583580
3.212940
50.001373
-31.928589
-27.912413
50.202183
-2.409705
-44.579536
38.756084
30.322119
-45.784389
4.216983
47.390862
-31.125353
-26.908369
51.808651
-1.807279
-50.402992
35.141529
23.093004
-46.788433
3.815366
48.595715
-32.531013
-26.305944
51.607845
-0.401617
-44.378731
37.551231
28.514839
-47.591671
4.016175
46.788433
-31.125353
-25.904325
52.812695
-2.610513
-47.190052
34.137486
27.109179
-47.993286
6.024262
47.390862
-31.326162
-25.301901
53.013504
-2.409705
-47.591671
32.932632
25.101091
-48.595715
9.036393
46.186008
-28.514839
-24.900282
51.206226
0.000000
-45.985199
35.342335
26.707561
-47.591671
2.208896
45.784389
-33.936676
-29.518883
51.005417
-4.417792
-45.583580
35.543144
27.711605
-46.386818
7.028306
49.599758
-29.117266
-26.908369
50.603802
-5.020218
-45.784389
33.334248
28.514839
-50.202183
5.421836
45.181965
-31.326162
-27.711605
49.398949
-4.417792
-47.792477
35.342335
26.305944
-46.386818
5.020218
45.784389
-32.129398
-27.912413
51.607845
-5.020218
-46.587624
31.526970
