-12.851759
6.024262
0.000000
0.000000
0.000000
0.000000
0.000000
0.000000
0.000000
0.000000
0.000000
0.000000
0.000000
0.000000
0.000000
0.000000
0.000000
0.000000
0.000000
0.000000
0.000000
0.000000
0.000000
0.000000
0.000000
0.000000
0.000000
0.000000
0.000000
0.000000
0.000000
0.000000
0.000000
0.000000
0.000000
0.000000
0.000000
0.000000
0.000000
0.000000
0.000000
0.000000
0.000000
0.000000
0.000000
0.000000
0.000000
0.000000
0.000000
0.000000
0.000000
0.000000
0.000000
0.000000
0.000000
0.000000
0.000000
0.000000
0.000000
0.000000
0.000000
0.000000
0.000000
0.000000
0.000000
0.000000
0.000000
0.000000
0.000000
0.000000
0.000000
0.000000
0.000000
0.000000
0.000000
0.000000
0.000000
0.000000
0.000000
0.000000
0.000000
0.000000
0.000000
0.000000
0.000000
0.000000
0.000000
0.000000
0.000000
0.000000
0.000000
0.000000
0.000000
0.000000
0.000000
0.000000
0.000000
0.000000
0.000000
0.000000
0.000000
0.000000
0.000000
0.000000
0.000000
0.000000
0.000000
0.000000
0.000000
0.000000
0.000000
0.000000
0.000000
0.000000
0.000000
0.000000
0.000000
0.000000
0.000000
0.000000
0.000000
0.000000
0.000000
0.000000
0.000000
0.000000
0.000000
0.000000
0.000000
0.000000
0.000000
0.000000
0.000000
0.000000
0.000000
0.000000
0.000000
0.000000
0.000000
0.000000
0.000000
0.000000
0.000000
0.000000
0.000000
0.000000
0.000000
0.000000
0.000000
0.000000
0.000000
0.000000
0.000000
0.000000
0.000000
0.000000
0.000000
0.000000
0.000000
0.000000
0.000000
0.000000
0.000000
0.000000
0.000000
0.000000
0.000000
0.000000
0.000000
0.000000
0.000000
0.000000
0.000000
0.000000
0.000000
0.000000
0.000000
0.000000
0.000000
0.000000
0.000000
0.000000
0.000000
0.000000
0.000000
0.000000
0.000000
0.000000
0.000000
0.000000
0.000000
0.000000
0.000000
0.000000
0.000000
0.000000
0.000000
0.000000
0.000000
0.000000
0.000000
0.000000
8.835584
-10.241245
1.204852
9.839628
-7.229114
-10.040437
9.638819
-2.610513
-15.462273
6.626688
6.827497
-11.646906
-1.004044
11.044480
-6.626688
-9.237202
14.458228
-1.204852
-13.052567
7.229114
7.028306
-10.843672
1.606470
10.843672
-6.626688
-11.446097
13.855803
-1.807279
-10.442054
9.638819
9.036393
-10.642862
0.803235
9.438010
-8.634775
-11.847715
11.446097
-2.008087
-12.851759
7.429923
3.413749
-15.060655
-2.811322
11.245289
-7.229114
-5.020218
12.450141
-1.204852
-15.462273
5.221027
3.815366
-13.253376
-1.405661
10.241245
-12.048524
-8.032350
10.241245
-1.204852
-13.654994
8.032350
6.024262
-10.040437
-0.602426
11.847715
-10.040437
-5.221027
15.462273
3.212940
-9.839628
7.028306
3.413749
-15.863890
-0.200809
11.044480
-6.626688
-3.413749
11.446097
-1.606470
-13.253376
4.016175
5.421836
-12.851759
-0.602426
11.044480
-8.233158
-7.028306
12.048524
0.602426
-12.048524
6.827497
5.622644
-15.261463
0.401617
11.646906
-7.630732
-6.626688
11.646906
-1.204852
-12.249332
7.229114
4.618601
-12.450141
1.405661
15.261463
-4.819409
-6.827497
13.855803
0.401617
-12.048524
8.835584
6.425879
-12.650950
2.409705
11.245289
-6.827497
-12.048524
9.638819
-3.815366
-14.056611
6.827497
8.233158
-12.048524
4.819409
12.450141
-4.216983
-9.839628
10.040437
-3.012131
-16.064699
7.831541
5.421836
-12.851759
-0.200809
11.646906
-8.433967
-8.835584
12.650950
-0.401617
-12.249332
10.642862
6.827497
-10.642862
3.614557
15.060655
-6.024262
-7.028306
11.044480
-2.008087
-12.650950
10.040437
6.626688
-11.646906
3.012131
13.253376
-4.216983
-4.819409
11.847715
0.602426
-13.052567
9.237202
4.216983
-14.257420
-0.803235
10.241245
-5.221027
-9.036393
11.245289
-3.012131
-14.659038
8.233158
6.425879
-13.654994
0.401617
10.040437
-9.438010
-8.835584
11.446097
1.606470
-12.450141
12.450141
7.630732
-15.261463
-0.602426
7.831541
-10.241245
-8.433967
10.642862
-3.212940
-14.257420
10.040437
6.425879
-7.028306
1.807279
15.060655
-7.229114
-5.823453
11.646906
-1.204852
-12.650950
11.847715
9.438010
-9.638819
2.409705
10.040437
-9.638819
-8.433967
10.241245
0.803235
-13.855803
8.835584
4.618601
-16.466316
-3.212940
7.831541
-10.040437
-7.229114
12.249332
-1.606470
-16.667124
7.831541
2.811322
-10.241245
1.606470
13.253376
-6.626688
-7.429923
12.450141
-1.204852
-14.458228
9.438010
5.823453
-11.646906
3.012131
12.851759
-6.827497
-5.622644
13.654994
-0.401617
-12.048524
8.634775
6.626688
-10.843672
5.020218
15.863890
-4.216983
-3.614557
13.654994
0.401617
-14.859846
9.036393
6.827497
-12.450141
5.622644
12.048524
-5.622644
-8.835584
13.253376
-1.807279
-11.245289
10.040437
7.429923
-12.450141
2.008087
12.048524
-7.630732
-5.622644
13.052567
0.401617
-11.044480
8.835584
6.425879
-13.454185
3.012131
9.438010
-7.429923
-8.433967
11.847715
-1.807279
-12.851759
9.839628
7.229114
-11.044480
4.417792
12.048524
-6.425879
-8.032350
13.654994
-4.016175
-9.638819
9.839628
8.032350
-9.036393
4.016175
13.454185
-5.020218
-6.425879
14.659038
-1.405661
-10.642862
10.040437
6.425879
-12.249332
2.409705
11.044480
-8.835584
-7.229114
12.650950
-3.012131
-10.442054
9.036393
7.028306
-14.257420
1.606470
8.634775
-9.638819
-7.429923
11.646906
-3.012131
-11.245289
10.642862
5.421836
-11.245289
-0.803235
10.843672
-9.036393
-4.417792
16.064699
1.004044
-8.433967
9.438010
3.614557
-14.257420
-3.413749
10.442054
-11.044480
-4.819409
13.253376
-3.815366
-12.851759
6.827497
4.417792
-11.245289
-0.602426
9.839628
-10.442054
-8.032350
11.044480
-3.413749
-13.654994
10.843672
5.823453
-9.638819
1.606470
13.253376
-6.626688
-3.413749
14.659038
1.807279
-14.257420
6.626688
0.602426
-14.056611
2.008087
13.855803
-4.819409
-5.020218
14.257420
1.606470
-12.650950
10.241245
4.417792
-13.454185
-0.602426
8.634775
-10.442054
-6.827497
11.646906
-2.610513
-13.454185
7.229114
3.614557
-12.450141
1.004044
11.446097
-9.036393
-5.221027
11.847715
-2.008087
-12.650950
7.831541
3.413749
-14.056611
2.008087
11.044480
-7.630732
-6.024262
13.253376
-3.614557
-12.249332
5.823453
4.417792
-13.454185
0.803235
13.855803
-8.233158
-7.028306
11.245289
-5.421836
-15.863890
11.446097
5.020218
-7.831541
3.815366
12.650950
-8.032350
-10.040437
9.839628
-4.216983
-14.859846
11.245289
4.819409
-11.245289
4.216983
11.646906
-8.433967
-5.823453
13.052567
2.008087
-7.831541
15.663081
10.040437
-13.454185
4.618601
7.429923
-7.429923
-5.823453
17.671167
-2.409705
-9.237202
11.044480
4.819409
-10.642862
3.815366
10.642862
-6.024262
-5.221027
13.253376
-1.606470
-9.036393
10.642862
7.429923
-11.646906
2.008087
11.245289
-8.032350
-6.425879
13.654994
-2.008087
-12.450141
10.442054
4.216983
-13.253376
1.004044
9.036393
-11.646906
-6.827497
12.650950
-2.008087
-12.450141
11.245289
2.409705
-10.442054
1.606470
12.650950
-7.429923
-2.409705
13.855803
-2.008087
-12.249332
5.221027
3.413749
-13.654994
2.811322
11.446097
-6.626688
-7.630732
12.851759
-2.208896
-13.253376
11.245289
2.610513
-13.654994
0.803235
11.646906
-7.831541
-1.807279
15.863890
1.204852
-10.040437
11.646906
5.622644
-11.847715
4.016175
11.044480
-9.438010
-4.618601
14.257420
1.606470
-12.650950
10.442054
3.212940
-12.450141
4.216983
12.650950
-6.626688
-2.610513
16.867933
0.602426
-10.241245
11.446097
4.216983
-9.036393
5.020218
14.458228
-5.622644
-2.610513
15.462273
-1.807279
-10.241245
11.044480
7.028306
-9.237202
6.225070
12.851759
-7.028306
-2.208896
14.659038
-0.803235
-11.446097
10.843672
5.823453
-10.040437
5.622644
11.446097
-9.438010
-3.815366
10.843672
-0.401617
-12.048524
11.446097
5.622644
-12.048524
6.827497
9.638819
-6.425879
-5.421836
13.454185
-0.200809
-12.851759
13.855803
3.413749
-11.646906
5.221027
11.646906
-6.225070
-0.803235
14.859846
-1.204852
-9.237202
8.233158
6.827497
-13.052567
6.425879
10.642862
-7.831541
-3.413749
14.257420
1.606470
-7.831541
14.056611
6.626688
-9.839628
6.626688
11.847715
-6.425879
-3.614557
13.454185
-1.606470
-9.438010
10.040437
6.626688
-12.851759
4.216983
11.446097
-8.032350
-3.012131
16.064699
-3.815366
-10.241245
9.438010
1.004044
-12.650950
3.413749
10.241245
-7.831541
0.000000
10.843672
-1.204852
-12.450141
9.438010
4.417792
-13.454185
4.417792
7.429923
-9.438010
-8.233158
8.433967
-6.827497
-14.859846
8.233158
2.409705
-13.454185
0.803235
9.036393
-10.040437
-6.024262
11.847715
-1.807279
-10.241245
10.642862
6.225070
-15.863890
1.807279
8.433967
-10.843672
-3.815366
13.654994
-1.204852
-10.843672
10.843672
3.212940
-13.654994
2.811322
9.638819
-10.040437
-7.028306
9.438010
-5.421836
-14.056611
10.241245
4.417792
-15.060655
2.610513
6.827497
-13.253376
-5.421836
10.843672
-2.811322
-12.450141
10.642862
2.208896
-13.454185
3.815366
8.233158
-9.036393
-6.024262
12.851759
-2.610513
-12.048524
9.638819
3.012131
-15.261463
2.811322
10.843672
-10.040437
-2.208896
11.044480
-4.016175
-13.253376
8.233158
2.008087
-11.245289
3.012131
9.237202
-8.433967
-4.216983
11.847715
-1.004044
-13.654994
9.237202
-0.803235
-11.446097
2.409705
10.843672
-9.237202
-6.225070
9.638819
-4.618601
-12.851759
9.438010
3.815366
-11.245289
4.618601
12.450141
-10.040437
-2.610513
11.245289
-0.401617
-13.253376
11.446097
2.409705
-13.454185
4.618601
8.835584
-9.638819
-2.409705
14.859846
-1.807279
-7.028306
11.044480
7.229114
-9.438010
7.630732
10.442054
-6.626688
-5.020218
13.052567
-3.413749
-11.446097
12.249332
4.016175
-10.843672
4.216983
10.040437
-11.847715
-5.622644
10.843672
-3.815366
-8.433967
13.454185
5.020218
-8.634775
2.008087
10.442054
-9.638819
-4.819409
12.450141
-1.405661
-14.056611
13.052567
1.004044
-12.450141
0.803235
7.630732
-13.654994
-5.020218
10.843672
-1.004044
-9.438010
12.450141
2.409705
-12.249332
0.000000
8.233158
-11.446097
-6.425879
13.454185
-3.413749
-8.433967
9.036393
4.016175
-14.458228
3.815366
8.233158
-9.036393
-5.823453
13.253376
-2.811322
-7.831541
11.446097
5.421836
-13.253376
0.803235
8.433967
-12.450141
-5.020218
11.446097
-3.815366
-12.249332
9.438010
0.602426
-15.060655
-0.401617
6.425879
-13.654994
-5.421836
9.036393
-5.221027
-14.056611
7.831541
1.807279
-14.056611
1.807279
6.225070
-12.249332
-6.827497
10.040437
-5.421836
-14.458228
8.835584
0.401617
-11.446097
4.819409
11.044480
-8.433967
-3.413749
12.650950
-5.221027
-8.835584
8.233158
4.016175
-14.458228
2.610513
9.438010
-12.048524
-4.819409
11.245289
-6.626688
-11.446097
8.835584
1.807279
-14.056611
2.409705
9.036393
-8.835584
-4.016175
12.450141
-4.216983
-12.650950
11.446097
1.807279
-10.241245
3.212940
11.044480
-8.634775
-2.811322
11.446097
-2.811322
-14.257420
9.638819
0.803235
-12.650950
3.413749
10.843672
-10.642862
-3.212940
12.249332
-1.004044
-9.438010
11.847715
4.016175
-15.663081
5.823453
5.221027
-7.831541
-8.233158
12.048524
-5.823453
-11.446097
9.237202
3.614557
-14.659038
3.815366
8.032350
-12.249332
-6.024262
8.233158
-5.020218
-11.245289
9.438010
6.626688
-14.659038
4.016175
6.225070
-10.442054
-7.229114
14.458228
-5.421836
-12.249332
10.241245
-1.004044
-13.253376
0.803235
9.839628
-11.044480
-3.212940
13.052567
-1.807279
-11.847715
11.245289
1.405661
-13.052567
3.212940
8.032350
-13.052567
-6.024262
10.241245
-5.421836
-12.450141
11.646906
1.405661
-10.040437
5.823453
8.835584
-10.642862
-2.811322
12.249332
-3.212940
-11.847715
7.229114
4.016175
-15.060655
6.425879
9.036393
-10.642862
-3.614557
11.446097
-1.204852
-11.646906
12.450141
2.610513
-11.245289
4.417792
10.642862
-8.032350
-5.421836
13.253376
-2.208896
-11.044480
11.245289
1.204852
-13.454185
4.618601
9.438010
-7.229114
-5.020218
12.650950
-4.016175
-10.241245
12.851759
6.225070
-10.040437
6.626688
10.442054
-9.237202
-3.614557
11.446097
-5.221027
-11.044480
8.835584
4.618601
-13.052567
7.831541
10.442054
-9.839628
-4.417792
11.646906
-4.016175
-9.036393
11.446097
1.807279
-11.245289
3.212940
10.642862
-8.233158
-2.409705
16.064699
-2.811322
-9.438010
10.040437
2.610513
-12.048524
7.831541
9.839628
-8.233158
-5.221027
11.044480
-5.622644
-8.433967
11.847715
5.823453
-11.847715
2.811322
8.433967
-12.450141
-4.216983
10.241245
-3.614557
-12.851759
10.642862
3.815366
-12.650950
4.618601
8.835584
-10.442054
-4.417792
14.257420
-3.815366
-8.032350
12.048524
3.212940
-11.646906
3.212940
5.622644
-9.839628
-6.024262
12.249332
-3.012131
-10.442054
13.454185
4.417792
-12.851759
3.614557
4.819409
-10.241245
-3.212940
16.064699
0.401617
-7.831541
12.851759
4.618601
-14.859846
6.425879
9.237202
-9.036393
-4.016175
12.851759
-6.024262
-8.835584
8.835584
6.225070
-15.060655
5.622644
7.831541
-9.839628
-4.618601
13.253376
-5.020218
-11.245289
8.634775
0.803235
-13.454185
1.807279
6.425879
-11.847715
-7.429923
10.040437
-3.413749
-11.646906
13.855803
5.020218
-11.044480
5.020218
8.433967
-10.241245
-5.221027
15.863890
-5.020218
-9.438010
10.442054
2.811322
-12.450141
8.433967
12.450141
-7.229114
-1.204852
12.450141
-4.417792
-12.249332
8.233158
2.610513
-11.646906
7.028306
12.249332
-9.036393
-1.405661
12.851759
-0.401617
-9.839628
11.245289
3.012131
-12.450141
7.229114
8.835584
-9.638819
-5.823453
10.040437
-4.016175
-10.040437
11.847715
2.811322
-11.245289
4.819409
10.241245
-7.229114
-4.417792
13.454185
-4.417792
-8.634775
13.454185
3.815366
-12.851759
4.216983
5.622644
-10.843672
-4.016175
10.442054
-5.020218
-9.237202
10.642862
1.405661
-11.646906
1.606470
8.433967
-11.446097
-5.221027
10.241245
-5.823453
-10.241245
12.851759
6.024262
-9.237202
7.028306
10.442054
-7.630732
-1.204852
16.064699
-3.413749
-8.835584
9.036393
2.008087
-13.052567
6.225070
9.036393
-10.040437
-5.020218
10.642862
-6.425879
-9.237202
9.036393
2.208896
-13.654994
5.823453
9.036393
-9.839628
-1.405661
12.450141
-3.212940
-6.626688
14.056611
5.823453
-10.442054
5.221027
8.433967
-10.442054
-2.811322
13.253376
-3.614557
-10.241245
10.642862
1.606470
-15.060655
4.016175
6.626688
-10.843672
-4.618601
12.048524
-6.425879
-10.241245
10.241245
2.811322
-11.646906
5.622644
10.642862
-10.040437
-0.602426
10.442054
-5.221027
-10.241245
9.237202
5.622644
-12.650950
6.827497
8.634775
-8.433967
-3.614557
15.663081
-3.212940
-9.638819
9.438010
1.204852
-15.462273
5.421836
8.433967
-9.839628
-2.409705
10.442054
-3.212940
-11.847715
10.241245
2.811322
-14.458228
5.221027
8.634775
-8.233158
-4.016175
14.659038
-4.618601
-9.839628
10.642862
1.405661
-16.466316
1.807279
5.221027
-13.454185
-2.811322
9.237202
-4.618601
-11.646906
11.446097
4.618601
-10.843672
7.630732
6.425879
-9.036393
-5.622644
12.249332
-5.421836
-8.233158
9.638819
3.413749
-10.442054
6.225070
12.249332
-9.237202
-3.212940
10.241245
-3.614557
-10.843672
14.859846
1.807279
-12.249332
6.626688
7.028306
-8.032350
-1.004044
12.450141
-3.614557
-9.438010
12.450141
4.618601
-10.241245
7.630732
10.642862
-9.839628
-2.811322
11.847715
-4.819409
-12.650950
11.847715
0.401617
-13.454185
4.618601
7.630732
-10.843672
-3.413749
15.060655
-4.417792
-7.630732
11.245289
3.614557
-11.646906
9.036393
10.442054
-6.024262
-1.204852
12.650950
-5.421836
-10.843672
12.249332
3.815366
-11.847715
5.421836
7.429923
-10.843672
-0.803235
13.654994
-1.807279
-8.433967
12.048524
4.417792
-13.052567
7.831541
8.835584
-11.245289
-2.811322
10.843672
-5.020218
-8.433967
11.646906
2.811322
-13.052567
4.016175
7.229114
-11.847715
-1.204852
10.642862
-2.008087
-9.036393
10.241245
2.008087
-13.654994
3.212940
9.839628
-10.642862
-2.610513
12.650950
-3.614557
-8.835584
14.056611
2.208896
-13.855803
6.024262
7.630732
-9.036393
-0.200809
11.245289
-4.618601
-12.048524
9.839628
1.004044
-12.851759
6.225070
7.831541
-9.237202
-3.614557
12.249332
-5.221027
-12.650950
7.229114
-2.409705
-16.265507
4.618601
9.638819
-7.429923
-1.405661
13.253376
-4.618601
-9.839628
12.249332
5.421836
-11.245289
7.429923
7.028306
-10.642862
-4.216983
9.036393
-2.409705
-14.859846
11.044480
-2.811322
-17.671167
6.024262
6.225070
-8.233158
-4.016175
9.438010
-6.024262
-11.245289
10.843672
-0.803235
-13.454185
5.421836
9.438010
-8.433967
-3.212940
11.245289
-6.425879
-11.044480
10.442054
0.803235
-12.249332
5.622644
8.433967
-11.044480
-2.409705
10.241245
-2.610513
-10.843672
12.249332
1.204852
-13.253376
4.016175
5.823453
-11.646906
-7.229114
11.847715
-8.433967
-11.446097
10.442054
1.204852
-9.839628
6.425879
8.634775
-12.450141
-5.823453
11.245289
-5.421836
-8.634775
13.654994
2.409705
-11.245289
7.429923
8.433967
-9.638819
-2.811322
12.851759
-5.020218
-8.032350
11.044480
2.610513
-11.847715
8.634775
9.638819
-8.032350
-1.606470
12.048524
-4.216983
-9.036393
11.446097
3.012131
-14.056611
4.618601
7.028306
-12.249332
-2.008087
13.454185
-6.024262
-6.425879
10.442054
3.212940
-14.056611
4.618601
7.429923
-10.241245
-1.606470
13.855803
-2.610513
-8.433967
12.650950
1.004044
-14.859846
6.225070
5.020218
-10.843672
-4.618601
9.036393
-4.216983
-10.843672
10.642862
2.811322
-14.458228
6.626688
8.835584
-9.438010
-0.803235
14.257420
-4.016175
-10.040437
11.646906
0.401617
-13.052567
4.417792
10.241245
-10.843672
-0.401617
10.040437
-7.630732
-13.052567
10.442054
3.012131
-13.052567
5.622644
6.425879
-13.454185
-4.016175
10.241245
-6.626688
-13.253376
10.241245
0.401617
-14.659038
6.425879
5.622644
-12.650950
-6.024262
11.044480
-8.835584
-12.048524
9.237202
0.602426
-10.843672
8.634775
11.245289
-10.241245
-0.401617
13.855803
-4.417792
-8.835584
9.638819
0.602426
-14.257420
6.225070
7.831541
-13.052567
-2.610513
10.040437
-8.032350
-12.048524
10.040437
-0.401617
-10.843672
6.225070
9.036393
-12.249332
-2.409705
9.438010
-5.823453
-13.052567
10.843672
0.803235
-13.052567
4.618601
6.425879
-12.650950
-3.413749
12.048524
-5.421836
-8.433967
12.048524
3.413749
-12.048524
7.429923
5.020218
-11.044480
-7.028306
9.237202
-7.028306
-11.446097
10.642862
0.803235
-12.650950
8.032350
6.626688
-10.040437
-3.212940
9.839628
-5.421836
-10.442054
13.454185
2.811322
-10.241245
7.028306
7.028306
-11.646906
-3.413749
10.843672
-5.020218
-9.438010
11.446097
0.602426
-13.052567
2.610513
11.646906
-12.851759
-0.200809
11.044480
-6.425879
-8.233158
12.249332
4.417792
-12.650950
4.819409
7.429923
-14.056611
-0.401617
12.048524
-2.409705
-6.024262
14.056611
3.012131
-11.446097
6.626688
8.433967
-8.032350
-1.204852
12.650950
-4.016175
-8.835584
11.646906
3.212940
-14.859846
6.626688
6.225070
-10.241245
-1.807279
13.855803
-3.012131
-8.835584
14.056611
1.405661
-13.454185
7.229114
8.233158
-10.843672
0.401617
12.650950
-3.815366
-8.233158
12.650950
2.208896
-10.642862
5.020218
11.044480
-7.630732
2.811322
17.269550
-2.208896
-9.036393
13.454185
0.803235
-9.237202
8.433967
9.237202
-8.233158
0.200809
11.245289
-4.417792
-9.237202
13.855803
3.212940
-11.044480
7.028306
6.425879
-8.835584
-1.405661
13.052567
-2.610513
-9.839628
14.659038
1.606470
-11.446097
9.036393
12.249332
-6.626688
3.614557
13.654994
-2.811322
-9.638819
11.245289
3.614557
-12.249332
8.634775
11.446097
-10.241245
0.803235
11.446097
-2.409705
-10.040437
17.269550
2.811322
-8.433967
6.024262
10.040437
-12.249332
-0.602426
11.044480
-3.614557
-11.044480
12.249332
2.008087
-14.458228
4.216983
6.425879
-13.855803
-3.815366
11.446097
-5.622644
-8.032350
14.859846
6.827497
-4.819409
11.646906
12.249332
-9.036393
-1.204852
13.454185
-3.815366
-6.225070
13.253376
3.815366
-10.642862
6.425879
11.044480
-12.851759
-1.204852
12.450141
-5.221027
-7.831541
16.667124
3.012131
-10.843672
6.425879
7.429923
-10.843672
0.602426
14.458228
-6.024262
-7.429923
12.851759
0.803235
-11.847715
4.819409
5.823453
-12.851759
-2.610513
12.048524
-7.229114
-8.634775
11.245289
0.803235
-15.663081
5.823453
5.020218
-12.851759
-1.807279
13.454185
-4.618601
-4.618601
13.855803
4.417792
-12.048524
7.028306
7.429923
-11.446097
2.008087
13.052567
-3.413749
-7.028306
11.245289
3.614557
-12.450141
10.040437
9.438010
-8.233158
-1.004044
13.454185
-8.032350
-8.634775
9.839628
0.401617
-13.454185
6.225070
7.630732
-11.847715
-0.803235
10.040437
-5.020218
-11.446097
12.851759
0.000000
-13.454185
5.823453
4.016175
-13.454185
-3.815366
11.245289
-11.044480
-12.450141
11.646906
-2.008087
-11.646906
7.028306
3.012131
-12.048524
-2.208896
11.847715
-4.216983
-8.634775
13.253376
0.200809
-13.855803
7.429923
4.417792
-10.241245
-0.602426
10.241245
-4.216983
-11.446097
9.638819
0.000000
-15.663081
7.630732
3.413749
-12.650950
-3.815366
10.040437
-6.024262
-8.835584
13.654994
1.405661
-13.052567
9.839628
6.225070
-9.438010
-0.602426
11.847715
-5.823453
-9.438010
11.646906
-2.008087
-15.261463
5.823453
6.827497
-14.056611
0.000000
9.036393
-7.229114
-8.032350
11.646906
0.401617
-13.052567
9.036393
7.831541
-10.642862
0.000000
11.646906
-5.020218
-7.229114
13.855803
0.803235
-11.245289
10.241245
11.446097
-8.233158
2.409705
10.843672
-5.622644
-7.028306
12.650950
3.413749
-12.851759
8.634775
7.229114
-11.847715
-2.409705
8.032350
-9.237202
-10.642862
10.040437
-2.008087
-16.064699
2.811322
2.409705
-15.060655
-6.024262
7.630732
-11.446097
-12.450141
7.831541
-1.204852
-17.068743
5.020218
4.618601
-10.642862
-2.811322
10.442054
-9.839628
-14.056611
9.839628
-4.016175
-14.859846
4.216983
4.216983
-13.052567
-4.016175
7.630732
-9.839628
-12.249332
8.634775
0.000000
-14.257420
8.032350
4.417792
-10.843672
-5.020218
10.040437
-6.827497
-11.245289
9.237202
-0.803235
-14.458228
8.233158
7.630732
-8.835584
-2.208896
13.654994
-7.429923
-8.233158
9.839628
2.008087
-12.650950
8.233158
7.028306
-12.450141
-5.421836
9.638819
-7.429923
-11.646906
12.650950
0.401617
-12.048524
8.032350
6.425879
-11.847715
-3.815366
9.036393
-7.028306
-11.245289
9.638819
0.000000
-16.466316
5.221027
4.216983
-13.253376
-5.221027
8.835584
-11.044480
-9.638819
10.843672
3.614557
-10.843672
6.425879
8.032350
-10.843672
-2.811322
13.454185
-7.229114
-9.438010
12.249332
2.008087
-11.847715
7.229114
9.638819
-8.835584
0.803235
15.060655
-6.225070
-9.638819
11.044480
1.807279
-13.855803
8.032350
9.036393
-9.438010
0.401617
11.847715
-5.823453
-9.438010
14.257420
5.020218
-11.646906
6.827497
6.024262
-11.847715
0.000000
15.462273
-3.815366
-6.024262
14.859846
5.823453
-8.433967
9.638819
7.630732
-11.446097
-3.012131
10.843672
-9.438010
-12.450141
11.446097
1.405661
-9.839628
9.638819
7.831541
-11.446097
-2.409705
10.442054
-7.229114
-10.040437
9.438010
1.606470
-13.654994
6.024262
10.442054
-13.654994
-0.803235
8.835584
-6.024262
-9.839628
11.245289
3.413749
-14.859846
7.630732
7.229114
-10.241245
-3.413749
14.458228
-6.425879
-11.044480
11.044480
-1.606470
-15.663081
8.835584
9.438010
-9.237202
-1.004044
10.843672
-6.425879
-11.044480
12.851759
1.204852
-11.446097
9.438010
11.044480
-8.835584
-0.200809
12.048524
-4.618601
-10.040437
13.052567
0.200809
-14.056611
5.823453
8.032350
-9.839628
-1.405661
14.458228
-5.823453
-9.839628
10.241245
1.606470
-12.048524
8.634775
9.036393
-11.646906
-3.212940
12.650950
-3.815366
-6.827497
14.458228
2.610513
-12.048524
8.433967
9.237202
-9.036393
0.401617
12.450141
-5.020218
-9.839628
11.044480
1.204852
-14.257420
10.442054
7.831541
-7.429923
-2.208896
12.851759
-5.421836
-7.630732
11.245289
3.413749
-16.265507
10.040437
6.827497
-8.233158
-0.200809
14.859846
-3.614557
-6.225070
10.843672
4.016175
-12.450141
10.442054
11.646906
-9.638819
0.000000
12.249332
-6.425879
-9.237202
13.253376
3.012131
-9.839628
8.433967
8.433967
-11.446097
-3.413749
13.855803
-6.225070
-7.229114
8.634775
0.000000
-14.458228
8.233158
11.044480
-8.233158
-0.401617
13.454185
-8.634775
-9.438010
11.446097
3.413749
-10.843672
13.052567
8.433967
-10.642862
-0.401617
12.249332
-5.421836
-6.024262
13.654994
2.008087
-10.642862
6.024262
8.634775
-11.044480
-1.004044
13.454185
-4.016175
-9.036393
13.253376
1.606470
-13.654994
9.638819
5.221027
-12.249332
-4.417792
12.048524
-7.831541
-5.622644
14.056611
3.212940
-9.839628
7.028306
10.442054
-8.835584
0.401617
14.659038
-6.425879
-10.442054
13.253376
1.606470
-11.044480
8.433967
9.839628
-11.044480
0.000000
10.642862
-8.433967
-9.638819
10.241245
1.807279
-10.642862
6.425879
9.036393
-12.048524
0.602426
12.249332
-4.216983
-7.831541
12.249332
2.409705
-10.442054
9.839628
8.634775
-11.847715
-3.212940
10.642862
-8.835584
-9.438010
8.634775
0.200809
-15.663081
8.233158
6.425879
-9.839628
-1.004044
12.650950
-6.425879
-9.638819
8.233158
-0.602426
-15.663081
6.225070
8.433967
-11.044480
-0.803235
12.650950
-4.819409
-9.036393
13.052567
0.401617
-12.851759
5.221027
7.429923
-13.454185
0.000000
10.843672
-5.622644
-8.634775
13.052567
2.409705
-10.442054
8.835584
7.028306
-9.839628
-1.405661
13.855803
-8.233158
-9.237202
9.638819
-1.004044
-11.646906
9.237202
9.438010
-9.438010
0.200809
14.257420
-5.221027
-3.212940
12.048524
4.216983
-11.044480
9.638819
10.843672
-7.429923
1.405661
15.863890
-3.614557
-5.823453
13.253376
1.004044
-14.859846
6.225070
6.024262
-12.450141
-2.610513
13.454185
-7.028306
-5.622644
13.654994
2.811322
-13.253376
6.425879
7.429923
-11.646906
-0.401617
14.659038
-6.425879
-9.638819
12.048524
1.204852
-13.052567
8.634775
7.229114
-8.634775
0.200809
15.462273
-7.229114
-10.843672
11.044480
0.401617
-10.040437
9.638819
9.438010
-11.044480
-0.803235
9.438010
-5.221027
-13.052567
12.851759
-0.803235
-14.659038
7.630732
8.634775
-12.450141
0.200809
12.450141
-6.626688
-7.429923
12.650950
1.405661
-9.438010
10.241245
9.839628
-12.249332
-2.208896
11.044480
-5.823453
-7.429923
13.253376
1.004044
-13.253376
7.429923
7.028306
-10.442054
2.208896
13.654994
-5.221027
-8.233158
9.839628
-0.401617
-13.052567
6.225070
8.032350
-12.249332
-0.200809
12.249332
-5.622644
-7.630732
11.646906
0.602426
-11.847715
8.634775
8.634775
-10.442054
-1.807279
10.642862
-5.421836
-10.241245
13.052567
0.803235
-14.458228
6.626688
6.626688
-11.044480
-1.004044
15.462273
-5.421836
-9.036393
12.048524
0.200809
-13.052567
8.233158
7.429923
-11.847715
-2.208896
13.654994
-8.233158
-10.040437
11.245289
0.803235
-12.851759
10.040437
9.036393
-12.048524
3.413749
12.450141
-4.618601
-8.032350
10.442054
-1.606470
-15.863890
6.827497
8.032350
-11.044480
0.200809
10.843672
-8.835584
-7.429923
12.851759
1.405661
-10.241245
5.421836
7.429923
-11.847715
1.004044
11.646906
-6.225070
