-12.048524
-0.401617
0.000000
0.000000
0.000000
0.000000
0.000000
0.000000
0.000000
0.000000
0.000000
0.000000
0.000000
0.000000
0.000000
0.000000
0.000000
0.000000
0.000000
0.000000
0.000000
0.000000
0.000000
0.000000
0.000000
0.000000
0.000000
0.000000
0.000000
0.000000
0.000000
0.000000
0.000000
0.000000
0.000000
0.000000
0.000000
0.000000
0.000000
0.000000
0.000000
0.000000
0.000000
0.000000
0.000000
0.000000
0.000000
0.000000
0.000000
0.000000
0.000000
0.000000
0.000000
0.000000
0.000000
0.000000
0.000000
0.000000
0.000000
0.000000
0.000000
0.000000
0.000000
0.000000
0.000000
0.000000
0.000000
0.000000
0.000000
0.000000
0.000000
0.000000
0.000000
0.000000
0.000000
0.000000
0.000000
0.000000
0.000000
0.000000
0.000000
0.000000
0.000000
0.000000
0.000000
0.000000
0.000000
0.000000
0.000000
0.000000
0.000000
0.000000
0.000000
0.000000
0.000000
0.000000
0.000000
0.000000
0.000000
0.000000
0.000000
0.000000
0.000000
0.000000
0.000000
0.000000
0.000000
0.000000
0.000000
0.000000
0.000000
0.000000
0.000000
0.000000
0.000000
0.000000
0.000000
0.000000
0.000000
0.000000
0.000000
0.000000
0.000000
0.000000
0.000000
0.000000
0.000000
0.000000
0.000000
0.000000
0.000000
0.000000
0.000000
0.000000
0.000000
0.000000
0.000000
0.000000
0.000000
0.000000
0.000000
0.000000
0.000000
0.000000
0.000000
0.000000
0.000000
0.000000
0.000000
0.000000
0.000000
0.000000
0.000000
0.000000
0.000000
0.000000
0.000000
0.000000
0.000000
0.000000
0.000000
0.000000
0.000000
0.000000
0.000000
0.000000
0.000000
0.000000
0.000000
0.000000
0.000000
0.000000
0.000000
0.000000
0.000000
0.000000
0.000000
0.000000
0.000000
0.000000
0.000000
0.000000
0.000000
0.000000
0.000000
0.000000
0.000000
0.000000
0.000000
0.000000
0.000000
0.000000
0.000000
0.000000
0.000000
0.000000
0.000000
0.000000
0.000000
0.000000
0.000000
0.000000
12.851759
-7.630732
-4.016175
10.442054
-2.811322
-12.450141
6.024262
3.012131
-15.060655
0.200809
10.642862
-9.036393
-6.024262
11.446097
-2.208896
-11.446097
10.843672
5.221027
-11.646906
1.807279
11.245289
-8.233158
-3.815366
11.245289
-1.004044
-13.855803
10.442054
3.815366
-10.642862
3.614557
13.253376
-8.233158
-4.216983
10.241245
-3.413749
-14.056611
8.233158
4.016175
-12.249332
1.606470
7.831541
-11.847715
-8.032350
12.048524
-1.807279
-7.831541
9.036393
4.216983
-15.462273
-1.204852
7.831541
-11.245289
-6.225070
10.642862
-6.225070
-10.642862
6.225070
5.221027
-13.052567
2.610513
10.642862
-8.233158
-5.622644
12.249332
-3.815366
-8.032350
12.048524
8.433967
-10.040437
1.807279
7.229114
-13.052567
-6.225070
11.044480
-1.606470
-6.425879
7.831541
3.815366
-13.454185
-1.807279
9.438010
-10.241245
-6.225070
11.245289
-3.413749
-9.839628
8.634775
6.024262
-11.446097
1.204852
9.839628
-12.450141
-5.020218
12.048524
-2.409705
-9.438010
8.433967
4.417792
-12.450141
1.204852
8.835584
-9.638819
-4.417792
15.462273
-0.200809
-9.839628
10.843672
5.823453
-12.048524
3.614557
10.442054
-9.237202
-3.212940
11.646906
-2.208896
-14.859846
6.425879
2.008087
-13.654994
1.004044
12.650950
-9.839628
-0.803235
12.650950
0.401617
-12.249332
7.028306
3.012131
-15.261463
1.606470
10.442054
-9.638819
-5.421836
12.650950
-3.413749
-12.249332
9.438010
4.819409
-12.650950
4.819409
10.442054
-7.630732
-2.811322
15.060655
-1.807279
-10.241245
7.229114
4.216983
-12.450141
3.614557
10.843672
-9.237202
-3.614557
13.855803
-0.401617
-8.032350
9.237202
5.622644
-12.450141
3.614557
8.032350
-11.245289
-6.626688
10.442054
-1.204852
-12.450141
7.229114
1.807279
-15.060655
2.208896
10.241245
-11.245289
-5.622644
10.040437
-5.221027
-12.450141
7.229114
6.425879
-12.851759
6.425879
11.646906
-13.052567
-6.225070
8.634775
-5.221027
-11.245289
7.429923
2.008087
-14.859846
4.216983
10.442054
-5.020218
-4.016175
15.261463
-3.413749
-8.835584
7.630732
4.819409
-12.450141
6.024262
14.257420
-7.229114
-3.212940
10.843672
-5.622644
-11.646906
6.225070
5.622644
-14.458228
2.610513
8.433967
-13.855803
-8.634775
8.835584
-5.823453
-10.040437
8.634775
4.819409
-16.265507
1.606470
7.028306
-8.433967
-4.618601
14.257420
-1.807279
-9.839628
9.638819
4.819409
-13.855803
3.614557
10.642862
-8.433967
-2.610513
14.257420
-1.807279
-8.233158
11.245289
5.823453
-11.245289
2.811322
11.245289
-7.630732
-1.004044
16.867933
-0.200809
-7.429923
9.839628
6.024262
-14.859846
3.413749
11.646906
-9.638819
0.000000
13.253376
-1.004044
-12.048524
9.638819
3.815366
-11.646906
3.815366
11.847715
-9.438010
-3.212940
12.851759
-3.012131
-9.839628
9.237202
5.421836
-11.646906
3.012131
10.843672
-10.642862
-2.811322
10.442054
-2.610513
-11.446097
9.036393
4.016175
-12.650950
4.618601
11.044480
-9.237202
-1.405661
12.048524
-1.004044
-11.044480
11.245289
1.405661
-9.839628
4.016175
12.249332
-6.225070
-1.606470
14.659038
-0.200809
-9.438010
11.245289
4.016175
-11.446097
4.417792
10.843672
-9.638819
-3.012131
12.450141
-4.016175
-10.040437
9.237202
2.610513
-10.642862
3.815366
11.446097
-11.646906
-3.815366
9.638819
-5.221027
-10.241245
8.032350
2.811322
-11.245289
4.819409
10.040437
-8.433967
-7.028306
12.249332
-5.020218
-8.032350
12.450141
6.626688
-9.237202
3.815366
8.233158
-11.847715
-8.233158
11.847715
-6.425879
-8.233158
9.036393
1.606470
-13.454185
0.602426
8.835584
-9.237202
-6.626688
11.646906
-6.225070
-11.245289
7.831541
1.807279
-13.855803
4.417792
10.241245
-7.028306
-3.614557
14.859846
-1.004044
-6.626688
12.450141
7.028306
-14.659038
1.204852
4.618601
-11.245289
-3.815366
14.257420
0.200809
-8.233158
12.048524
6.425879
-13.253376
3.413749
8.032350
-11.446097
-6.425879
9.237202
-6.024262
-10.241245
8.233158
3.413749
-13.654994
2.008087
8.835584
-9.638819
-4.417792
12.851759
-4.417792
-8.032350
8.634775
4.016175
-13.052567
2.008087
8.032350
-11.646906
-3.012131
12.249332
-2.811322
-9.438010
9.438010
1.807279
-12.851759
0.803235
9.036393
-10.843672
-4.618601
14.859846
-3.212940
-10.241245
8.835584
0.803235
-16.466316
5.421836
9.036393
-5.823453
-2.208896
13.454185
-3.614557
-13.855803
7.229114
1.405661
-15.261463
6.024262
9.638819
-8.835584
-2.008087
12.450141
-4.216983
-9.237202
10.040437
7.429923
-8.433967
9.036393
14.659038
-10.843672
-0.803235
9.036393
-3.212940
-9.438010
14.056611
3.614557
-9.638819
5.622644
9.638819
-8.233158
-1.807279
11.245289
-1.807279
-9.237202
9.638819
4.216983
-9.638819
4.417792
11.847715
-9.438010
-4.819409
12.650950
-4.216983
-10.040437
10.442054
4.016175
-13.052567
5.221027
8.634775
-11.446097
-5.020218
9.638819
-6.626688
-10.642862
10.040437
3.614557
-13.052567
5.823453
7.028306
-7.831541
-4.417792
13.855803
-2.409705
-6.425879
10.642862
3.012131
-13.654994
0.000000
8.433967
-10.642862
-3.413749
12.650950
-2.811322
-11.044480
10.040437
3.614557
-13.654994
5.622644
7.630732
-11.245289
-4.819409
13.052567
-3.012131
-6.024262
12.851759
6.626688
-10.843672
6.425879
10.040437
-10.241245
-2.409705
11.646906
-5.020218
-8.634775
11.044480
7.429923
-13.654994
4.016175
8.032350
-11.446097
-3.012131
14.056611
-2.208896
-7.630732
13.454185
6.024262
-12.450141
4.618601
8.835584
-8.634775
-3.614557
15.261463
-2.811322
-8.233158
12.249332
3.614557
-12.851759
3.413749
11.446097
-9.036393
-2.610513
14.458228
-5.020218
-8.634775
10.843672
4.417792
-14.257420
3.413749
10.843672
-9.438010
-2.811322
13.253376
-6.827497
-10.040437
6.827497
4.819409
-16.064699
3.815366
10.241245
-12.249332
-2.008087
11.044480
-3.614557
-11.646906
11.044480
5.823453
-15.261463
7.429923
8.835584
-11.044480
-2.409705
13.855803
-2.610513
-7.028306
11.446097
3.614557
-12.048524
1.405661
12.650950
-11.646906
-1.405661
13.654994
-4.417792
-9.638819
11.044480
7.229114
-11.245289
7.429923
12.450141
-9.036393
-1.004044
14.659038
-3.012131
-10.040437
10.241245
4.216983
-12.650950
4.216983
12.450141
-12.048524
-3.815366
13.855803
-4.016175
-8.634775
13.253376
2.610513
-13.052567
3.212940
7.229114
-12.450141
-3.012131
13.253376
-3.212940
-5.221027
9.036393
5.020218
-14.257420
3.413749
10.642862
-12.450141
-3.413749
10.040437
-6.225070
-13.052567
7.229114
0.803235
-15.863890
3.012131
8.634775
-11.847715
-6.225070
11.847715
-5.823453
-10.843672
10.040437
5.020218
-11.847715
5.020218
13.052567
-13.454185
-5.622644
12.249332
-6.425879
-8.032350
12.650950
5.823453
-12.249332
5.421836
9.638819
-11.847715
-4.216983
13.052567
-5.221027
-11.646906
8.835584
1.004044
-15.060655
4.618601
11.044480
-12.650950
-3.413749
10.642862
-7.630732
-9.839628
9.839628
4.216983
-13.654994
5.421836
8.835584
-12.048524
-2.409705
11.646906
-4.417792
-10.442054
11.044480
4.819409
-13.052567
4.819409
10.241245
-13.253376
-3.212940
14.659038
-5.823453
-6.626688
9.438010
2.811322
-14.458228
3.614557
9.036393
-8.634775
-3.614557
12.650950
-4.216983
-9.036393
11.044480
6.626688
-14.659038
5.020218
6.425879
-9.036393
-3.815366
14.659038
-4.417792
-10.843672
8.634775
2.811322
-13.654994
4.819409
10.642862
-9.036393
-1.807279
16.466316
-5.221027
-6.626688
9.438010
7.229114
-14.056611
6.024262
8.835584
-11.847715
-2.409705
12.249332
-5.421836
-7.229114
13.052567
5.020218
-8.433967
5.622644
13.654994
-7.229114
0.602426
13.855803
-2.208896
-10.241245
12.048524
3.413749
-13.052567
7.229114
9.839628
-9.438010
-2.811322
12.650950
-6.626688
-10.442054
9.638819
3.012131
-10.241245
8.233158
11.446097
-7.429923
-4.417792
13.454185
-4.016175
-9.438010
11.646906
5.823453
-15.261463
8.634775
7.831541
-10.241245
-5.421836
10.843672
-8.835584
-10.241245
8.835584
4.819409
-11.245289
7.229114
9.036393
-10.241245
-6.225070
11.646906
-6.225070
-10.843672
12.450141
3.012131
-10.040437
3.614557
10.642862
-13.052567
-3.212940
11.446097
-5.421836
-11.044480
11.245289
3.413749
-9.839628
5.823453
11.646906
-11.245289
-5.622644
11.446097
-8.433967
-10.241245
9.638819
3.413749
-13.654994
4.016175
7.831541
-13.855803
-7.028306
10.241245
-9.839628
-10.040437
7.630732
1.004044
-15.462273
2.208896
8.233158
-12.650950
-5.421836
9.438010
-8.634775
-11.245289
8.634775
1.606470
-15.663081
3.212940
7.429923
-9.839628
-1.004044
14.859846
-4.016175
-8.634775
10.843672
0.602426
-11.446097
1.606470
10.442054
-13.253376
-3.815366
13.052567
-7.630732
-9.839628
10.241245
0.401617
-13.454185
3.815366
8.634775
-12.851759
-4.618601
12.249332
-4.819409
-8.835584
11.044480
2.409705
-14.257420
4.819409
7.831541
-10.040437
-4.016175
14.257420
-3.815366
-7.831541
10.442054
4.417792
-15.863890
4.819409
7.630732
-11.245289
-2.811322
14.458228
-5.622644
-8.433967
10.040437
4.417792
-12.450141
6.626688
11.044480
-13.855803
-0.401617
9.237202
-3.012131
-12.851759
11.245289
1.204852
-13.052567
3.815366
10.442054
-12.851759
-2.811322
11.847715
-7.831541
-11.245289
7.429923
1.004044
-13.052567
4.016175
12.650950
-13.454185
-3.212940
9.036393
-6.425879
-12.249332
12.851759
0.803235
-14.257420
4.618601
5.823453
-11.446097
-5.823453
13.654994
-6.425879
-8.233158
11.646906
4.618601
-14.257420
5.823453
7.028306
-12.450141
-4.819409
11.044480
-8.634775
-11.446097
8.634775
1.405661
-15.060655
6.425879
7.630732
-9.438010
-1.405661
11.646906
-6.425879
-8.634775
10.241245
3.413749
-14.458228
2.409705
10.241245
-14.056611
-0.803235
12.249332
-6.225070
-8.433967
10.642862
4.417792
-13.454185
7.028306
9.438010
-9.237202
-2.610513
14.257420
-4.016175
-10.843672
12.450141
2.811322
-13.052567
5.823453
8.032350
-11.446097
-1.606470
13.454185
-3.413749
-9.839628
10.642862
3.012131
-12.249332
7.630732
12.450141
-9.638819
0.000000
13.454185
-4.618601
-9.438010
9.638819
0.602426
-13.454185
2.811322
11.044480
-12.048524
0.401617
13.855803
-6.024262
-10.241245
10.040437
2.008087
-11.646906
6.225070
8.032350
-10.241245
-3.413749
13.654994
-3.614557
-7.831541
14.659038
2.811322
-12.249332
4.216983
8.233158
-11.245289
-0.602426
12.450141
-5.421836
-11.044480
10.241245
1.204852
-10.241245
6.024262
12.249332
-11.446097
-4.016175
11.847715
-8.835584
-9.438010
8.233158
3.413749
-14.859846
5.823453
10.241245
-11.646906
-2.409705
12.450141
-6.024262
-9.638819
13.253376
2.610513
-9.839628
6.626688
9.638819
-10.642862
-4.016175
9.237202
-6.024262
-11.044480
10.642862
3.012131
-12.851759
7.831541
11.044480
-11.646906
-3.614557
8.032350
-7.429923
-8.835584
14.859846
6.626688
-9.638819
7.630732
11.245289
-13.052567
-0.602426
13.052567
-5.221027
-9.237202
11.847715
0.000000
-10.843672
4.216983
12.851759
-13.253376
-1.807279
11.044480
-6.626688
-10.442054
12.048524
1.405661
-13.253376
3.212940
7.028306
-12.851759
-4.417792
9.839628
-7.831541
-12.650950
9.036393
2.409705
-13.253376
8.032350
11.044480
-9.839628
-2.208896
12.048524
-6.225070
-10.040437
14.659038
2.208896
-11.245289
5.622644
8.835584
-12.048524
1.204852
15.863890
-2.208896
-6.626688
12.048524
1.606470
-14.859846
2.610513
8.433967
-11.245289
0.000000
15.462273
-4.618601
-7.229114
11.847715
5.020218
-12.650950
5.823453
9.839628
-11.446097
0.602426
12.249332
-5.622644
-11.646906
9.036393
1.807279
-12.450141
6.827497
9.638819
-10.040437
-1.405661
13.855803
-2.610513
-10.241245
12.450141
1.405661
-10.843672
9.036393
10.241245
-11.646906
-3.012131
8.835584
-7.229114
-9.839628
8.433967
1.204852
-11.847715
6.225070
7.429923
-10.843672
-5.421836
11.847715
-6.225070
-10.843672
9.036393
0.602426
-13.052567
8.032350
12.851759
-8.634775
0.200809
14.257420
-3.212940
-6.425879
14.859846
2.610513
-11.446097
3.815366
9.036393
-10.843672
-0.803235
13.654994
-6.425879
-10.442054
10.040437
-0.200809
-11.245289
3.815366
8.233158
-12.851759
-1.807279
12.450141
-5.622644
-6.827497
11.646906
3.413749
-9.237202
8.835584
12.450141
-10.040437
-1.807279
12.249332
-7.630732
-6.827497
12.249332
3.212940
-11.847715
5.020218
8.233158
-13.855803
-3.012131
10.642862
-7.028306
-10.040437
11.044480
0.000000
-12.851759
5.221027
9.237202
-10.843672
-1.807279
14.056611
-6.024262
-6.225070
9.638819
0.401617
-12.650950
4.016175
11.847715
-11.446097
-0.803235
11.646906
-5.622644
-9.036393
14.257420
3.815366
-11.847715
5.020218
7.831541
-14.458228
-2.008087
12.450141
-6.425879
-7.831541
9.638819
3.413749
-14.257420
5.823453
9.638819
-13.454185
-0.803235
12.450141
-4.618601
-9.438010
12.851759
1.204852
-12.450141
4.618601
7.831541
-15.663081
-5.020218
9.237202
-10.040437
-8.835584
7.831541
1.606470
-14.458228
6.225070
10.642862
-10.642862
0.000000
9.839628
-6.024262
-11.044480
11.245289
1.004044
-10.642862
5.421836
10.241245
-9.237202
-0.803235
15.863890
-4.819409
-9.036393
9.237202
2.811322
-13.855803
9.438010
8.835584
-11.446097
-0.803235
11.245289
-4.618601
-6.827497
12.249332
2.409705
-11.847715
7.028306
11.044480
-9.438010
0.602426
14.458228
-5.622644
-8.433967
11.245289
0.803235
-15.462273
6.024262
7.028306
-12.851759
-2.208896
12.048524
-6.827497
-8.835584
14.458228
2.409705
-9.839628
6.626688
10.241245
-10.843672
1.204852
14.056611
-3.012131
-7.028306
11.847715
0.602426
-13.454185
6.827497
10.642862
-10.241245
-1.204852
12.048524
-6.626688
-6.425879
13.253376
4.016175
-10.843672
6.827497
11.245289
-11.847715
0.401617
12.851759
-8.032350
-8.433967
10.040437
1.405661
-11.044480
6.626688
9.638819
-12.450141
-2.610513
11.044480
-7.831541
-7.630732
10.040437
3.212940
-12.048524
6.024262
8.634775
-11.646906
-3.212940
13.855803
-7.028306
-8.634775
10.642862
2.409705
-12.048524
9.638819
8.634775
-12.851759
-1.606470
11.044480
-5.823453
-6.024262
10.442054
1.204852
-14.659038
3.614557
7.831541
-12.450141
-0.803235
12.249332
-6.225070
-8.634775
11.446097
1.807279
-15.060655
2.409705
4.216983
-15.261463
-2.811322
13.654994
-4.417792
-6.425879
12.851759
1.807279
-12.249332
6.425879
11.446097
-10.442054
-0.200809
11.446097
-7.028306
-9.839628
8.634775
4.016175
-17.269550
7.028306
4.016175
-16.265507
-1.807279
10.241245
-5.221027
-9.438010
8.835584
0.200809
-13.454185
6.225070
6.024262
-12.450141
-1.807279
13.454185
-5.020218
-8.835584
10.442054
0.000000
-14.056611
5.221027
7.630732
-12.249332
-0.602426
13.253376
-7.028306
-7.630732
10.442054
3.413749
-13.253376
6.827497
7.429923
-13.454185
-2.008087
10.241245
-6.827497
-12.450141
11.245289
-2.008087
-13.855803
5.421836
7.429923
-10.040437
-0.803235
12.048524
-8.835584
-11.646906
10.642862
0.803235
-11.044480
9.237202
9.036393
-10.642862
0.200809
12.450141
-5.622644
-9.036393
12.249332
0.401617
-10.843672
6.024262
9.237202
-10.843672
1.405661
13.654994
-5.020218
-7.831541
10.843672
1.004044
-12.048524
6.024262
9.036393
-13.454185
-2.208896
11.245289
-8.433967
-7.831541
13.052567
-0.602426
-9.438010
5.823453
9.438010
-13.253376
-2.008087
11.245289
-6.425879
-7.429923
13.052567
2.811322
-11.446097
7.630732
7.831541
-13.855803
-0.401617
9.839628
-7.229114
-10.442054
8.433967
1.405661
-13.454185
6.425879
9.237202
-13.454185
-0.602426
12.851759
-6.024262
-6.626688
13.052567
2.208896
-13.253376
7.028306
6.827497
-12.650950
-2.409705
14.659038
-6.626688
-6.024262
9.438010
-1.606470
-15.863890
5.823453
10.442054
-12.450141
-0.602426
11.044480
-9.839628
-9.839628
9.438010
-1.204852
-15.863890
5.622644
7.229114
-13.253376
-0.602426
10.241245
-9.438010
-11.245289
11.245289
-2.409705
-14.458228
3.614557
7.028306
-10.642862
1.606470
15.663081
-6.827497
-6.626688
13.253376
1.606470
-11.446097
4.819409
7.831541
-13.654994
-0.200809
12.851759
-8.835584
-8.433967
10.241245
-2.008087
-14.659038
5.622644
7.028306
-10.040437
-0.401617
14.056611
-8.233158
-8.233158
9.438010
-0.200809
-16.265507
5.622644
7.630732
-12.851759
-2.409705
11.245289
-9.237202
-8.634775
12.048524
1.204852
-10.642862
7.831541
10.040437
-11.044480
0.401617
9.438010
-7.429923
-12.450141
9.237202
-1.405661
-14.257420
6.425879
7.429923
-12.048524
0.602426
10.642862
-6.626688
-9.237202
9.638819
0.200809
-13.454185
7.831541
9.036393
-10.241245
-0.200809
11.446097
-8.032350
-9.438010
11.245289
0.803235
-12.048524
7.028306
7.429923
-12.450141
-3.815366
16.064699
-9.237202
-5.622644
11.044480
-1.004044
-10.843672
7.028306
10.442054
-12.450141
-2.409705
11.646906
-9.839628
-6.626688
11.847715
3.012131
-9.438010
9.237202
9.237202
-11.646906
-0.602426
12.450141
-5.421836
-6.827497
12.450141
1.807279
-11.446097
6.425879
9.839628
-14.458228
0.401617
11.044480
-6.626688
-8.233158
13.454185
2.409705
-12.249332
8.835584
7.831541
-13.052567
-0.401617
12.650950
-8.634775
-6.024262
11.646906
2.008087
-11.446097
7.630732
8.634775
-10.442054
-1.405661
15.663081
-4.618601
-2.811322
17.068743
3.413749
-12.048524
8.634775
6.425879
-9.438010
1.004044
13.253376
-5.421836
-6.225070
10.241245
1.807279
-12.048524
10.040437
10.040437
-10.040437
0.000000
11.646906
-5.421836
-6.827497
12.851759
3.614557
-13.454185
9.638819
8.032350
-11.245289
2.409705
17.269550
-2.811322
-1.606470
14.257420
3.212940
-12.249332
6.626688
10.241245
-11.245289
2.409705
16.064699
-6.024262
-5.221027
11.847715
3.815366
-13.052567
12.249332
9.638819
-8.233158
0.200809
14.458228
-8.032350
-7.630732
11.044480
1.204852
-14.458228
6.827497
8.233158
-14.257420
-2.409705
11.044480
-9.638819
-9.638819
11.446097
-0.401617
-11.446097
9.839628
13.052567
-5.221027
4.618601
16.867933
-5.020218
-7.429923
13.454185
1.004044
-9.438010
8.433967
10.843672
-10.442054
-0.200809
15.462273
-9.638819
-7.831541
11.446097
0.602426
-11.245289
11.847715
9.839628
-10.642862
-0.602426
12.249332
-7.028306
-5.421836
14.859846
-0.200809
-10.442054
8.233158
8.233158
-11.446097
-2.008087
10.843672
-9.638819
-7.831541
12.048524
-1.405661
-11.646906
6.626688
7.630732
-14.859846
-1.004044
9.839628
-9.438010
-7.630732
13.454185
1.405661
-7.831541
9.438010
11.446097
-12.048524
0.200809
12.450141
-7.831541
-3.614557
13.654994
2.811322
-10.241245
5.823453
9.839628
-13.253376
2.208896
13.855803
-5.622644
-7.831541
12.450141
-1.807279
-12.249332
6.024262
7.429923
-13.855803
0.401617
12.450141
-7.229114
-6.827497
10.442054
0.200809
-14.458228
8.032350
6.425879
-13.454185
-2.008087
8.433967
-11.044480
-10.642862
11.044480
-5.421836
-16.466316
6.425879
4.216983
-12.450141
-0.602426
8.032350
-8.634775
-9.237202
12.249332
0.200809
-13.654994
7.630732
6.425879
-14.859846
-0.200809
8.835584
-8.433967
-7.831541
10.040437
1.204852
-16.064699
5.221027
6.626688
-16.466316
1.606470
8.433967
-9.839628
-10.241245
10.040437
-0.803235
-12.851759
8.634775
8.032350
-13.454185
1.606470
11.245289
-7.630732
-7.630732
12.249332
0.000000
-13.654994
7.028306
4.417792
-16.265507
-0.803235
12.249332
-10.843672
-6.626688
9.638819
-2.008087
-12.048524
6.425879
6.827497
-14.257420
2.008087
13.855803
-7.429923
-5.622644
12.851759
1.004044
-10.642862
10.642862
7.831541
-11.044480
3.614557
16.867933
-4.417792
-3.212940
12.450141
0.000000
-10.241245
7.831541
10.642862
-12.851759
2.208896
13.253376
-8.433967
-7.630732
9.237202
-3.413749
-12.249332
8.233158
6.225070
-12.851759
-1.004044
8.433967
-9.237202
-9.638819
8.835584
-4.016175
-13.253376
5.020218
7.229114
-14.458228
1.004044
10.241245
-6.827497
-6.827497
11.044480
-3.212940
-14.659038
6.626688
3.815366
-12.249332
0.000000
9.638819
-8.233158
-7.429923
9.036393
-2.610513
-13.253376
5.221027
7.028306
-12.650950
3.212940
9.237202
-7.028306
-8.835584
9.839628
-0.401617
-12.650950
5.823453
5.622644
-12.650950
3.012131
12.249332
-4.216983
-6.225070
13.855803
-1.606470
-9.839628
6.425879
7.831541
-11.446097
2.208896
11.044480
-8.032350
-9.438010
9.839628
-1.204852
-13.454185
9.036393
6.425879
-10.442054
2.208896
10.241245
-8.433967
-8.032350
9.036393
-0.200809
-12.450141
6.225070
5.823453
-15.663081
-1.204852
8.032350
-9.839628
-9.438010
8.835584
-5.020218
-11.847715
6.225070
8.634775
-10.642862
-0.602426
11.245289
-8.233158
-7.831541
12.851759
-1.606470
-11.646906
7.229114
7.831541
-11.245289
2.008087
13.454185
-5.020218
-5.020218
14.056611
-2.208896
-12.048524
6.626688
8.032350
-12.450141
2.208896
12.650950
-6.225070
-4.819409
11.044480
0.200809
-11.847715
11.245289
10.442054
-10.843672
0.200809
9.438010
-9.036393
-4.819409
15.060655
2.208896
-8.233158
10.241245
10.442054
-9.036393
4.016175
10.642862
-8.233158
-8.032350
9.438010
-3.212940
-14.859846
6.827497
6.626688
-10.442054
4.016175
11.646906
-7.229114
-7.630732
9.638819
-3.614557
-12.450141
3.815366
6.626688
-13.052567
0.000000
13.855803
-10.241245
-5.221027
8.634775
-0.602426
-11.847715
6.626688
8.634775
-14.257420
1.204852
10.642862
-7.630732
-7.831541
13.654994
-0.803235
-12.851759
6.827497
4.216983
-14.056611
2.208896
13.052567
-6.626688
-5.622644
10.442054
-1.204852
-13.052567
8.032350
6.626688
-11.044480
3.212940
14.257420
-5.622644
-5.622644
11.044480
0.200809
-12.450141
8.634775
5.020218
-13.454185
-1.004044
11.044480
-6.024262
-6.225070
14.859846
-1.204852
-11.847715
5.622644
6.425879
-11.646906
2.008087
12.048524
-7.831541
-8.433967
12.048524
1.004044
-9.438010
9.438010
7.831541
-11.847715
2.008087
12.450141
-6.225070
-5.020218
11.847715
-1.004044
-12.249332
5.823453
6.024262
-13.253376
3.012131
10.442054
-6.024262
-7.429923
11.646906
-0.200809
-9.839628
6.626688
9.036393
-15.663081
4.819409
10.241245
-4.819409
-5.622644
13.855803
1.204852
-8.634775
6.425879
9.638819
-11.646906
4.417792
14.859846
-6.626688
-5.221027
11.245289
-1.004044
-12.048524
8.233158
8.032350
-10.040437
3.012131
11.646906
-8.233158
-8.634775
12.851759
-1.004044
-9.438010
4.618601
5.622644
-13.654994
0.803235
14.257420
-5.622644
-6.024262
13.654994
-4.417792
-12.048524
6.425879
8.233158
-10.241245
6.024262
11.245289
-8.032350
-5.823453
11.245289
0.000000
-8.433967
9.438010
6.626688
-10.040437
-0.803235
11.847715
-8.032350
-6.024262
12.450141
1.004044
-11.446097
8.835584
6.827497
-13.052567
3.815366
8.233158
-8.233158
-9.839628
11.245289
-3.012131
-8.032350
9.237202
8.233158
-9.638819
0.602426
13.654994
-5.622644
-5.421836
13.253376
-2.208896
-13.654994
8.634775
6.827497
-10.642862
2.208896
13.052567
-8.032350
-5.221027
10.040437
-3.413749
-12.249332
5.823453
7.028306
-10.241245
-0.803235
12.249332
-9.839628
-5.221027
12.048524
1.004044
-10.040437
8.835584
7.630732
-10.040437
3.212940
11.847715
-8.835584
-8.433967
9.839628
-4.016175
-11.847715
4.618601
5.421836
-14.859846
2.811322
9.839628
-5.221027
-6.425879
12.249332
-1.606470
-12.450141
3.815366
4.618601
-15.261463
0.401617
11.847715
-7.831541
-5.823453
12.048524
0.200809
-11.446097
9.237202
5.421836
-12.249332
-1.405661
10.843672
-10.040437
-4.417792
10.642862
-0.200809
-11.446097
8.433967
7.831541
-10.241245
1.204852
10.442054
-8.233158
-6.024262
13.855803
-2.208896
-11.446097
5.221027
4.618601
-11.245289
3.815366
12.851759
-6.225070
-5.622644
13.052567
-0.602426
-6.225070
7.429923
9.237202
-10.843672
2.008087
14.056611
-5.221027
-3.413749
15.863890
1.606470
-7.831541
8.634775
6.827497
-14.257420
1.004044
10.040437
-8.835584
-7.429923
13.052567
-1.606470
-8.433967
9.237202
8.032350
-12.851759
0.200809
10.642862
-8.634775
-5.823453
13.855803
-1.004044
-12.048524
7.831541
7.028306
-12.851759
2.409705
10.843672
-6.024262
-4.417792
15.060655
-2.208896
-12.450141
7.028306
6.425879
-8.835584
4.417792
13.052567
-7.630732
-6.024262
8.835584
-0.200809
-14.859846
9.237202
4.417792
-14.056611
1.606470
11.847715
-9.237202
-5.020218
11.446097
-1.807279
-10.442054
7.831541
5.823453
-10.040437
4.016175
12.851759
-9.237202
-8.032350
10.040437
-0.602426
-9.638819
9.839628
6.827497
-12.450141
1.606470
10.442054
-6.827497
-3.012131
13.454185
-0.401617
-10.442054
5.421836
4.819409
-12.450141
0.401617
11.646906
-8.835584
-5.622644
11.847715
-1.004044
-9.839628
7.630732
5.622644
-11.044480
1.204852
11.646906
-8.433967
-7.028306
10.241245
-0.401617
-13.253376
7.630732
6.225070
-14.458228
1.405661
10.442054
-8.032350
-6.024262
14.458228
0.000000
-11.646906
8.233158
5.020218
-12.450141
1.405661
10.642862
-9.036393
-7.229114
13.253376
-2.409705
-11.847715
7.831541
6.425879
-12.249332
3.212940
12.450141
-8.634775
-2.208896
12.249332
-0.602426
-10.843672
6.024262
4.016175
-15.261463
0.602426
11.245289
-8.835584
-5.020218
10.241245
-3.212940
-10.241245
7.630732
6.225070
-11.044480
-0.200809
10.642862
-8.634775
-5.622644
10.442054
-2.008087
