88.355843
-25.904325
0.000000
0.000000
0.000000
0.000000
0.000000
0.000000
0.000000
0.000000
0.000000
0.000000
0.000000
0.000000
0.000000
0.000000
0.000000
0.000000
0.000000
0.000000
0.000000
0.000000
0.000000
0.000000
0.000000
0.000000
0.000000
0.000000
0.000000
0.000000
0.000000
0.000000
0.000000
0.000000
0.000000
0.000000
0.000000
0.000000
0.000000
0.000000
0.000000
0.000000
0.000000
0.000000
0.000000
0.000000
0.000000
0.000000
0.000000
0.000000
0.000000
0.000000
0.000000
0.000000
0.000000
0.000000
0.000000
0.000000
0.000000
0.000000
0.000000
0.000000
0.000000
0.000000
0.000000
0.000000
0.000000
0.000000
0.000000
0.000000
0.000000
0.000000
0.000000
0.000000
0.000000
0.000000
0.000000
0.000000
0.000000
0.000000
0.000000
0.000000
0.000000
0.000000
0.000000
0.000000
0.000000
0.000000
0.000000
0.000000
0.000000
0.000000
0.000000
0.000000
0.000000
0.000000
0.000000
0.000000
0.000000
0.000000
0.000000
0.000000
0.000000
0.000000
0.000000
0.000000
0.000000
0.000000
0.000000
0.000000
0.000000
0.000000
0.000000
0.000000
0.000000
0.000000
0.000000
0.000000
0.000000
0.000000
0.000000
0.000000
0.000000
0.000000
0.000000
0.000000
0.000000
0.000000
0.000000
0.000000
0.000000
0.000000
0.000000
0.000000
0.000000
0.000000
0.000000
0.000000
0.000000
0.000000
0.000000
0.000000
0.000000
0.000000
0.000000
0.000000
0.000000
0.000000
0.000000
0.000000
0.000000
0.000000
0.000000
0.000000
0.000000
0.000000
0.000000
0.000000
0.000000
0.000000
0.000000
0.000000
0.000000
0.000000
0.000000
0.000000
0.000000
0.000000
0.000000
0.000000
0.000000
0.000000
0.000000
0.000000
0.000000
0.000000
0.000000
0.000000
0.000000
0.000000
0.000000
0.000000
0.000000
0.000000
0.000000
0.000000
0.000000
0.000000
0.000000
0.000000
0.000000
0.000000
0.000000
0.000000
0.000000
0.000000
0.000000
0.000000
0.000000
0.000000
0.000000
0.000000
-63.053940
78.917831
17.470360
-83.335625
39.157703
64.057983
-75.102463
-14.257420
84.339668
-37.551231
-63.857178
73.094376
13.654994
-88.155029
34.940720
58.636150
-76.508125
-16.867933
85.544518
-36.948807
-61.849091
74.098419
12.851759
-87.351799
35.141529
60.242619
-76.106506
-20.683300
82.331581
-41.969025
-66.869308
74.700851
11.044480
-88.958267
36.346378
58.234531
-74.700851
-17.470360
84.942093
-38.153660
-62.652325
76.508125
14.257420
-83.938049
37.149616
62.250706
-75.905701
-15.060655
86.749374
-38.153660
-60.644238
77.712982
15.060655
-84.339668
41.366600
60.242619
-74.299232
-12.048524
85.745331
-36.747997
-57.632107
78.717026
16.667124
-82.733200
38.956894
61.648281
-76.909744
-13.253376
82.733200
-38.956894
-63.254749
75.704895
12.249332
-88.556648
36.547188
57.029678
-77.512169
-16.064699
85.544518
-41.366600
-63.455559
76.708939
10.040437
-83.737244
38.555275
59.439384
-76.909744
-15.462273
83.938049
-39.559319
-62.451515
77.512169
11.245289
-86.548561
39.157703
60.443428
-75.303276
-13.454185
86.347755
-41.567406
-59.037766
76.708939
14.056611
-86.146942
40.161747
59.841003
-75.303276
-14.056611
87.753418
-39.358513
-57.431297
79.520256
16.064699
-82.934006
41.768215
61.045853
-76.508125
-13.855803
87.753418
-39.960938
-60.041809
76.708939
11.044480
-85.745331
40.764172
61.246662
-76.307320
-11.446097
85.946136
-40.964981
-60.242619
76.307320
12.450141
-83.335625
41.768215
59.841003
-76.909744
-12.851759
84.339668
-38.756084
-61.045853
78.315407
7.831541
-83.737244
41.366600
62.451515
-72.692757
-9.839628
85.544518
-41.366600
-61.447472
75.704895
9.036393
-85.946136
39.960938
59.238575
-76.909744
-12.450141
86.950180
-42.169834
-60.644238
77.512169
9.839628
-83.536430
42.772259
58.435341
-76.508125
-13.855803
85.544518
-42.571449
-61.648281
78.315407
9.638819
-85.343712
41.969025
57.832912
-79.118637
-14.056611
81.528343
-43.575493
-62.451515
78.114594
10.442054
-83.134811
45.181965
59.640194
-75.102463
-10.040437
83.938049
-43.575493
-59.841003
74.901657
10.241245
-85.343712
40.563362
58.435341
-78.717026
-11.646906
84.339668
-44.378731
-59.238575
78.315407
9.237202
-84.741287
41.366600
58.636150
-75.704895
-9.237202
86.749374
-43.173878
-58.435341
76.909744
9.438010
-84.942093
41.366600
57.431297
-78.717026
-12.048524
82.934006
-43.977112
-61.246662
77.913788
7.630732
-83.335625
44.378731
60.443428
-76.508125
-10.642862
84.741287
-44.177921
-58.033722
76.708939
8.032350
-88.556648
39.960938
55.021591
-78.917831
-10.843672
84.540474
-41.165791
-57.431297
81.126724
10.843672
-83.938049
43.374687
57.230488
-76.508125
-11.245289
83.134811
-44.780346
-58.636150
78.114594
9.638819
-83.938049
44.579536
58.636150
-75.303276
-9.638819
85.745331
-44.177921
-58.636150
80.323494
9.036393
-82.532387
44.981155
59.640194
-75.504082
-6.024262
87.351799
-41.567406
-56.628063
79.520256
10.642862
-83.335625
46.989243
57.832912
-76.708939
-8.835584
85.343712
-43.173878
-56.628063
80.122681
11.044480
-79.721069
48.394905
63.455559
-75.905701
-6.024262
87.753418
-42.571449
-53.214314
83.938049
9.839628
-81.528343
44.981155
56.628063
-77.512169
-9.438010
85.745331
-43.776302
-55.824825
80.925919
7.630732
-85.142899
42.973068
54.820782
-78.917831
-8.835584
84.942093
-45.382774
-58.435341
79.721069
7.028306
-83.335625
45.985199
57.832912
-79.319450
-6.425879
81.729156
-45.181965
-58.234531
81.327538
6.626688
-82.331581
45.583580
56.427254
-77.913788
-5.421836
84.540474
-43.575493
-54.619976
80.725113
6.827497
-81.729156
47.390862
57.029678
-75.102463
-5.020218
85.343712
-45.181965
-56.828869
79.520256
6.024262
-83.536430
46.587624
55.021591
-79.520256
-4.216983
85.142899
-44.378731
-52.611889
80.122681
7.229114
-82.130768
45.181965
56.226444
-78.516212
-2.610513
86.950180
-41.969025
-53.013504
81.327538
7.831541
-81.729156
47.390862
57.029678
-79.319450
-4.417792
83.536430
-46.386818
-56.628063
78.717026
4.016175
-84.138855
43.173878
53.415123
-81.528343
-5.421836
83.335625
-45.583580
-57.029678
79.921875
4.216983
-79.721069
48.595715
57.431297
-78.917831
-5.221027
82.331581
-45.181965
-54.820782
80.725113
4.819409
-82.331581
46.587624
54.218357
-78.516212
-5.823453
86.749374
-45.985199
-56.025635
80.122681
1.606470
-82.130768
49.198139
56.427254
-80.925919
-5.020218
80.725113
-48.997330
-56.025635
77.712982
2.008087
-85.343712
47.190052
53.415123
-79.721069
-3.614557
81.929962
-47.993286
-55.824825
79.118637
2.811322
-81.729156
46.989243
56.226444
-80.122681
-5.421836
80.925919
-47.591671
-56.628063
82.934006
3.815366
-81.528343
48.194096
52.411079
-80.725113
-7.429923
81.929962
-49.599758
-57.029678
78.717026
1.204852
-83.938049
48.194096
54.619976
-80.925919
-4.819409
79.721069
-51.005417
-57.632107
78.114594
2.008087
-85.343712
45.985199
51.808651
-80.725113
-3.815366
85.142899
-49.599758
-55.423210
80.524300
1.405661
-83.737244
45.784389
50.804607
-82.130768
-6.225070
84.339668
-50.804607
-54.419167
78.917831
-1.204852
-85.142899
46.989243
52.210270
-80.524300
-8.233158
80.323494
-55.021591
-56.025635
80.122681
-0.602426
-81.126724
50.402992
53.816738
-77.311363
-1.606470
82.733200
-47.190052
-52.812695
81.929962
2.208896
-80.524300
48.997330
53.816738
-79.118637
-1.004044
84.942093
-46.587624
-47.792477
84.942093
5.421836
-75.905701
52.009460
55.824825
-76.909744
0.000000
83.134811
-45.181965
-48.194096
84.138855
7.630732
-75.704895
53.415123
55.222401
-75.504082
0.200809
82.532387
-43.575493
-45.181965
86.950180
8.835584
-70.885483
52.411079
55.222401
-70.283058
7.429923
86.548561
-39.559319
-40.964981
83.737244
9.839628
-68.475777
53.816738
55.624020
-68.074158
7.028306
85.544518
-34.338291
-38.555275
88.556648
11.245289
-66.668495
54.619976
57.832912
-66.668495
7.831541
85.946136
-38.153660
-38.555275
85.142899
10.642862
-68.074158
51.407036
52.411079
-71.889526
3.212940
84.540474
-40.964981
-42.370644
78.315407
4.417792
-74.299232
48.997330
51.607845
-72.692757
3.012131
81.729156
-39.960938
-43.173878
81.528343
3.012131
-70.885483
48.194096
51.206226
-72.491951
2.409705
79.319450
-42.370644
-47.190052
77.311363
1.004044
-73.696808
48.194096
49.398949
-72.090332
0.602426
79.520256
-46.186008
-48.194096
75.303276
0.803235
-73.696808
48.796520
53.013504
-71.287102
4.016175
79.118637
-43.575493
-46.587624
77.712982
3.212940
-75.704895
45.985199
46.186008
-76.508125
-2.208896
76.307320
-45.583580
-48.796520
75.704895
-4.216983
-80.323494
39.960938
45.583580
-78.315407
-1.405661
74.901657
-48.796520
-48.595715
75.102463
-1.204852
-79.520256
44.378731
42.973068
-77.712982
-3.815366
75.303276
-48.394905
-48.194096
75.303276
-1.807279
-79.319450
44.780346
44.177921
-78.917831
-5.221027
72.491951
-49.599758
-49.198139
76.508125
0.200809
-79.118637
42.169834
42.973068
-81.528343
-4.016175
74.098419
-49.599758
-52.009460
71.889526
-5.020218
-81.729156
44.579536
44.177921
-79.319450
-3.413749
71.688713
-51.005417
-48.796520
74.500038
-1.405661
-78.516212
44.780346
45.583580
-77.311363
-2.409705
74.500038
-49.599758
-48.796520
76.708939
-3.012131
-76.307320
45.784389
46.788433
-76.508125
-1.606470
72.692757
-49.198139
-52.009460
73.495995
-3.012131
-79.721069
45.985199
44.378731
-77.913788
-4.216983
75.102463
-49.398949
-48.796520
76.508125
-5.221027
-82.130768
40.964981
41.969025
-80.323494
-3.012131
73.495995
-50.202183
-48.997330
75.102463
-2.811322
-78.315407
44.177921
46.587624
-79.118637
-1.204852
74.098419
-51.808651
-52.210270
74.299232
-4.618601
-78.114594
48.194096
44.378731
-80.323494
-3.413749
71.688713
-52.210270
-49.599758
75.303276
-1.807279
-78.315407
44.780346
42.772259
-79.319450
-1.004044
78.516212
-48.394905
-48.194096
75.704895
-3.212940
-78.315407
46.989243
44.780346
-79.520256
3.012131
75.303276
-46.386818
-49.599758
76.307320
-1.807279
-77.110550
49.599758
46.386818
-77.712982
-0.401617
75.704895
-47.390862
-47.792477
76.909744
-4.216983
-79.721069
46.989243
44.378731
-75.102463
0.803235
77.110550
-47.792477
-45.784389
77.110550
-2.409705
-76.708939
50.804607
45.583580
-74.098419
-1.204852
73.696808
-51.005417
-48.194096
74.299232
-3.413749
-79.721069
46.989243
44.177921
-77.110550
2.610513
75.905701
-46.386818
-47.190052
76.909744
-1.606470
-77.110550
47.591671
45.583580
-76.708939
2.610513
76.909744
-49.599758
-47.591671
76.106506
-1.606470
-78.315407
48.595715
44.177921
-78.717026
1.606470
74.500038
-49.599758
-47.993286
78.516212
-4.216983
-76.708939
46.186008
43.776302
-78.917831
-0.401617
77.110550
-51.005417
-46.186008
75.504082
-3.413749
-76.909744
51.206226
46.386818
-74.500038
3.413749
77.712982
-48.997330
-45.784389
77.712982
-2.610513
-76.508125
47.993286
42.370644
-78.917831
2.811322
76.708939
-49.198139
-47.190052
77.512169
-3.614557
-74.299232
50.001373
45.382774
-77.110550
2.208896
76.508125
-51.407036
-46.386818
75.303276
-6.827497
-75.905701
46.386818
44.981155
-78.516212
1.405661
75.102463
-51.808651
-43.374687
76.909744
-1.004044
-75.303276
50.202183
43.776302
-78.315407
1.807279
74.700851
-50.603802
-45.382774
77.311363
-5.421836
-74.901657
50.603802
45.181965
-75.303276
3.614557
77.512169
-49.800564
-44.177921
78.516212
-5.221027
-78.717026
48.997330
42.571449
-79.118637
1.405661
74.299232
-53.816738
-45.985199
77.110550
-8.032350
-78.315407
46.386818
41.969025
-79.118637
1.204852
72.893570
-54.017548
-45.181965
76.106506
-1.807279
-76.708939
50.603802
43.173878
-79.721069
2.208896
76.708939
-54.017548
-45.382774
75.303276
-7.229114
-75.905701
50.402992
43.776302
-76.307320
5.622644
77.712982
-49.800564
-45.583580
75.303276
-5.823453
-77.512169
50.603802
43.977112
-78.315407
4.417792
74.700851
-50.001373
-44.378731
79.520256
-3.413749
-74.700851
50.603802
44.177921
-77.311363
2.008087
74.901657
-52.411079
-43.977112
79.721069
-3.413749
-74.500038
51.206226
43.776302
-77.110550
6.225070
76.106506
-48.997330
-43.575493
78.516212
-6.626688
-76.508125
47.993286
41.768215
-78.717026
5.020218
77.512169
-51.005417
-44.579536
76.106506
-7.831541
-75.504082
53.615932
45.382774
-73.897614
4.216983
77.110550
-51.407036
-43.374687
77.311363
-6.626688
-76.106506
49.398949
41.768215
-79.520256
2.610513
74.500038
-53.013504
-41.768215
77.311363
-3.413749
-74.299232
53.615932
43.977112
-77.512169
4.618601
74.299232
-51.808651
-44.177921
78.717026
-6.425879
-75.504082
52.009460
41.366600
-78.717026
1.405661
72.692757
-53.615932
-45.181965
78.717026
-6.024262
-74.500038
51.407036
43.977112
-79.520256
8.233158
76.106506
-50.402992
-45.181965
76.307320
-8.835584
-74.700851
52.411079
42.973068
-78.717026
2.811322
72.692757
-52.411079
-44.780346
80.122681
-8.233158
-76.106506
48.394905
38.956894
-79.721069
3.815366
73.897614
-53.615932
-42.973068
76.909744
-6.827497
-77.311363
49.198139
41.768215
-79.319450
5.823453
74.901657
-52.411079
-44.579536
80.524300
-9.036393
-73.696808
49.398949
39.559319
-79.520256
3.614557
74.500038
-53.013504
-41.567406
80.122681
-5.823453
-72.692757
52.812695
42.772259
-78.114594
7.429923
74.098419
-50.402992
-43.173878
80.725113
-6.024262
-74.700851
57.230488
42.370644
-76.106506
8.032350
77.110550
-52.411079
-40.964981
78.114594
-6.024262
-76.508125
52.611889
37.952850
-80.323494
6.425879
75.303276
-50.804607
-42.973068
77.712982
-6.024262
-76.909744
55.423210
41.165791
-78.114594
6.225070
73.495995
-54.820782
-42.169834
78.315407
-7.429923
-74.299232
52.009460
41.165791
-80.122681
7.831541
74.700851
-51.607845
-41.165791
79.721069
-8.835584
-72.692757
52.812695
42.370644
-79.520256
7.429923
75.704895
-54.619976
-40.362556
78.516212
-8.233158
-73.696808
55.624020
41.969025
-78.315407
6.024262
72.491951
-56.427254
-40.161747
80.925919
-4.417792
-72.893570
56.025635
40.563362
-79.319450
6.626688
73.696808
-54.017548
-40.764172
81.327538
-8.634775
-75.504082
51.407036
37.551231
-82.130768
9.036393
74.700851
-51.808651
-39.157703
80.925919
-7.630732
-72.090332
54.419167
39.559319
-78.917831
5.221027
74.299232
-55.021591
-40.764172
80.323494
-8.233158
-75.303276
53.214314
38.354469
-79.118637
8.233158
75.303276
-53.615932
-40.362556
77.712982
-10.642862
-76.508125
52.009460
38.153660
-81.528343
6.024262
72.893570
-53.013504
-36.346378
83.737244
-4.016175
-73.295189
56.828869
40.964981
-78.114594
9.036393
74.098419
-57.230488
-42.973068
76.708939
-10.642862
-75.704895
53.013504
37.952850
-80.323494
8.835584
75.102463
-54.017548
-40.161747
79.118637
-8.634775
-72.692757
56.628063
40.161747
-78.516212
8.233158
74.901657
-53.415123
-39.559319
80.323494
-10.843672
-74.700851
55.222401
39.157703
-79.721069
9.036393
72.692757
-54.419167
-40.563362
78.717026
-10.241245
-75.905701
53.816738
38.153660
-79.721069
10.040437
75.704895
-56.226444
-39.358513
77.712982
-11.847715
-76.909744
52.009460
36.747997
-81.729156
10.241245
73.295189
-56.226444
-40.563362
78.315407
-10.843672
-75.102463
53.013504
38.555275
-81.929962
9.036393
70.082245
-56.427254
-42.973068
79.118637
-12.249332
-75.905701
52.009460
35.743954
-78.717026
8.634775
75.905701
-56.025635
-38.555275
81.528343
-11.245289
-70.684669
55.824825
38.354469
-77.512169
7.229114
72.291145
-58.636150
-40.161747
79.721069
-9.237202
-72.090332
59.037766
39.960938
-77.311363
11.245289
76.106506
-57.431297
-36.747997
81.528343
-9.036393
-68.475777
58.435341
39.358513
-79.319450
14.659038
76.508125
-50.804607
-33.133442
81.327538
-9.638819
-71.086288
57.029678
40.362556
-78.717026
13.454185
73.897614
-55.021591
-39.358513
79.721069
-13.454185
-71.889526
55.824825
40.161747
-79.921875
9.839628
71.688713
-56.427254
-36.948807
83.134811
-9.638819
-71.688713
54.820782
37.149616
-79.118637
9.839628
74.098419
-56.427254
-38.756084
80.524300
-11.847715
-71.487907
57.230488
38.956894
-77.311363
11.044480
73.495995
-56.226444
-34.739910
81.729156
-7.429923
-69.881439
58.636150
41.366600
-76.307320
12.851759
73.897614
-58.234531
-37.350426
78.315407
-11.646906
-72.491951
57.632107
37.952850
-78.917831
9.438010
70.483864
-57.632107
-39.157703
82.934006
-11.245289
-71.487907
56.025635
36.346378
-82.130768
11.446097
70.483864
-59.640194
-39.157703
76.307320
-12.650950
-73.295189
58.033722
38.956894
-80.122681
11.446097
71.086288
-57.832912
-37.551231
82.130768
-13.052567
-71.287102
54.820782
35.342335
-80.925919
8.634775
71.086288
-59.640194
-40.764172
78.917831
-16.265507
-73.696808
53.214314
35.141529
-81.126724
11.044480
72.692757
-56.628063
-37.551231
79.319450
-13.454185
-73.897614
56.025635
36.145573
-80.122681
12.851759
73.295189
-57.230488
-35.141529
81.528343
-11.245289
-71.287102
57.832912
35.141529
-79.921875
12.048524
70.684669
-57.832912
-39.960938
78.917831
-12.450141
-70.283058
59.841003
37.752041
-80.524300
11.646906
72.692757
-57.431297
-35.141529
82.532387
-13.052567
-70.483864
59.439384
34.940720
-78.114594
11.847715
73.495995
-59.037766
-35.743954
77.913788
-14.458228
-73.495995
55.423210
35.141529
-80.323494
12.450141
72.692757
-59.238575
-37.752041
78.516212
-13.654994
-74.098419
59.037766
34.940720
-77.913788
14.257420
72.893570
-58.033722
-37.952850
80.524300
-15.060655
-70.885483
61.045853
37.350426
-76.307320
14.458228
73.094376
-58.435341
-37.551231
80.725113
-12.249332
-71.487907
59.238575
34.940720
-81.327538
12.450141
72.692757
-60.443428
-37.149616
78.315407
-15.863890
-74.098419
57.230488
33.535057
-80.725113
15.060655
70.885483
-57.632107
-37.551231
80.122681
-14.257420
-73.295189
56.226444
33.334248
-83.134811
15.663081
72.491951
-57.632107
-35.944763
78.917831
-14.458228
-72.893570
59.841003
35.743954
-80.122681
12.650950
71.287102
-60.845047
-35.743954
82.331581
-16.064699
-71.889526
58.435341
34.739910
-78.917831
15.663081
72.692757
-58.636150
-35.141529
83.134811
-13.654994
-68.877396
60.644238
34.338291
-79.721069
13.454185
71.487907
-60.443428
-35.141529
79.319450
-13.253376
-71.487907
60.041809
36.145573
-80.122681
15.863890
72.090332
-61.648281
-36.747997
78.114594
-16.667124
-70.684669
58.435341
35.342335
-81.528343
17.269550
70.684669
-56.226444
-34.940720
80.122681
-15.060655
-72.692757
56.828869
32.932632
-82.934006
14.458228
70.082245
-60.845047
-36.547188
78.717026
-16.466316
-71.086288
60.041809
34.739910
-79.118637
14.859846
71.889526
-61.045853
-38.354469
77.913788
-19.076830
-72.090332
61.648281
34.739910
-80.524300
14.659038
70.283058
-59.640194
-33.936676
80.725113
-16.466316
-71.086288
59.238575
35.743954
-80.524300
15.060655
71.688713
-58.033722
-31.125353
83.938049
-15.261463
-71.487907
57.632107
33.936676
-81.126724
17.068743
70.885483
-60.041809
-32.932632
81.929962
-14.458228
-67.070114
62.049896
36.547188
-78.516212
15.462273
70.885483
-59.439384
-33.535057
83.737244
-14.056611
-68.475777
62.250706
34.940720
-77.311363
15.863890
72.090332
-60.845047
-33.535057
78.717026
-15.060655
-72.090332
59.841003
32.531013
-80.725113
15.663081
72.291145
-59.841003
-31.928589
81.528343
-16.867933
-70.885483
61.447472
32.330204
-77.110550
20.080873
75.504082
-55.624020
-28.916456
84.138855
-12.249332
-66.869308
63.053940
30.723736
-81.126724
13.253376
69.078201
-61.447472
-33.133442
82.130768
-15.261463
-70.283058
60.041809
31.727779
-80.122681
17.671167
71.889526
-60.242619
-31.928589
82.331581
-17.871977
-69.479820
61.648281
32.932632
-75.905701
20.080873
73.295189
-56.226444
-28.113222
84.138855
-15.863890
-68.475777
59.238575
31.928589
-79.721069
16.667124
69.279015
-60.644238
-34.539101
78.917831
-17.068743
-68.475777
63.455559
36.145573
-78.315407
18.474403
72.090332
-61.447472
-33.133442
78.717026
-18.273594
-70.283058
61.648281
31.727779
-81.528343
15.462273
67.672539
-59.439384
-30.924545
84.138855
-17.269550
-67.070114
60.242619
35.944763
-76.909744
19.679256
71.688713
-59.037766
-31.727779
81.729156
-19.880064
-70.885483
58.636150
30.322119
-82.733200
15.060655
67.070114
-61.648281
-33.735867
83.134811
-18.273594
-66.869308
63.455559
32.531013
-78.917831
15.863890
70.483864
-62.451515
-34.137486
79.118637
-22.289768
-72.090332
63.455559
32.932632
-78.516212
17.671167
69.479820
-63.254749
-30.924545
80.925919
-20.281681
-70.885483
60.443428
31.526970
-81.528343
17.269550
66.668495
-64.660408
-33.133442
79.319450
-18.273594
-68.877396
62.250706
31.125353
-80.524300
17.068743
68.676582
-63.053940
-32.531013
80.925919
-18.675213
-69.479820
62.250706
28.314032
-81.729156
17.269550
68.475777
-62.451515
-31.326162
79.921875
-19.076830
-68.274971
63.455559
33.936676
-79.118637
20.080873
71.287102
-62.652325
-29.518883
82.532387
-18.876020
-68.475777
62.853134
31.326162
-79.520256
21.285725
68.475777
-61.648281
-33.735867
80.323494
-21.486534
-69.680626
61.648281
27.510796
-81.729156
17.871977
68.074158
-60.443428
-29.518883
82.130768
-18.273594
-66.266884
64.258797
32.330204
-77.712982
19.880064
68.676582
-62.250706
-28.314032
81.126724
-17.269550
-67.270927
63.254749
30.121309
-79.921875
16.867933
68.475777
-61.849091
-25.703518
84.138855
-17.470360
-65.865265
66.869308
30.121309
-75.102463
25.502708
73.094376
-54.419167
-20.080873
84.540474
-20.683300
-64.660408
63.254749
27.510796
-74.500038
25.502708
68.877396
-59.238575
-23.293812
80.725113
-18.273594
-61.246662
67.270927
29.117266
-74.500038
22.289768
64.861221
-64.057983
-27.711605
77.712982
-22.892195
-65.865265
63.254749
25.502708
-78.315407
23.695431
64.258797
-59.841003
-25.301901
79.921875
-22.289768
-62.451515
62.853134
28.514839
-76.307320
21.888151
67.270927
-63.053940
-26.305944
78.516212
-21.687344
-63.053940
65.262840
29.920502
-75.704895
29.318075
68.676582
-60.041809
-24.498665
78.114594
-21.285725
-64.861221
64.258797
25.502708
-78.516212
23.494621
66.266884
-63.053940
-25.301901
80.524300
-23.896238
-64.660408
64.660408
26.506752
-80.323494
16.466316
63.455559
-73.495995
-39.358513
71.487907
-34.739910
-82.130768
57.431297
15.863890
-94.982529
12.450141
60.242619
-76.106506
-38.153660
73.897614
-35.944763
-80.725113
56.226444
18.072786
-94.580910
13.855803
58.636150
-75.504082
-36.547188
77.110550
-31.125353
-77.913788
60.644238
19.277637
-92.372017
16.466316
62.049896
-75.102463
-36.346378
76.106506
-32.731823
-81.729156
58.033722
18.876020
-93.777679
19.076830
63.455559
-76.708939
-35.543144
77.712982
-30.322119
-75.504082
63.656368
19.679256
-91.970398
13.855803
63.254749
-75.704895
-32.531013
80.925919
-30.522926
-73.094376
62.451515
23.293812
-92.372017
16.867933
66.467690
-73.495995
-31.326162
80.925919
-32.330204
-76.106506
63.254749
22.892195
-87.954224
22.490578
67.873352
-70.082245
-30.121309
82.532387
-27.309988
-74.299232
63.455559
23.093004
-91.167160
18.876020
66.869308
-70.082245
-28.715649
87.150986
-27.309988
-71.889526
66.668495
25.301901
-85.745331
21.888151
67.070114
-69.881439
-29.920502
85.946136
-25.301901
-72.090332
67.270927
25.904325
-86.146942
22.691387
67.672539
-70.684669
-29.920502
87.552605
-25.301901
-70.483864
67.270927
23.494621
-86.347755
22.892195
69.279015
-71.889526
-30.322119
83.335625
-27.309988
-71.487907
65.463646
27.510796
-88.958267
23.896238
68.074158
-70.082245
-27.510796
89.159073
-23.293812
-69.479820
71.287102
27.109179
-83.134811
25.502708
70.483864
-69.680626
-27.510796
85.544518
-25.904325
-72.692757
66.467690
26.305944
-83.737244
27.912413
75.303276
-67.672539
-27.912413
85.343712
-24.900282
-69.680626
72.090332
29.318075
-83.938049
27.109179
71.287102
-68.676582
-28.715649
86.749374
-25.301901
-69.078201
70.283058
28.514839
-83.737244
26.908369
72.090332
-70.483864
-27.309988
83.737244
-23.293812
-69.479820
73.295189
31.326162
-84.339668
30.322119
71.287102
-66.869308
-26.908369
87.954224
-26.105135
-68.877396
71.688713
28.113222
-84.339668
29.117266
71.889526
-65.463646
-23.695431
89.560692
-23.695431
-72.491951
69.479820
24.699474
-86.146942
30.723736
72.090332
-64.861221
-22.490578
87.552605
-21.486534
-68.074158
75.504082
29.719692
-81.327538
28.113222
72.291145
-67.471733
-25.101091
89.560692
-24.297857
-67.672539
72.491951
28.314032
-83.737244
32.129398
73.495995
-63.455559
-24.498665
88.556648
-26.305944
-71.086288
70.283058
27.711605
-84.339668
26.506752
72.090332
-69.279015
-26.305944
90.564735
-24.699474
-65.865265
74.098419
29.117266
-83.938049
27.109179
72.090332
-68.074158
-25.301901
89.962311
-27.309988
-65.664452
72.692757
29.318075
-83.938049
28.113222
70.082245
-70.885483
-25.904325
86.347755
-24.297857
-67.070114
74.299232
29.117266
-82.934006
27.711605
73.495995
-69.881439
-25.502708
88.155029
-27.912413
-69.479820
70.082245
28.113222
-83.134811
28.514839
73.094376
-70.483864
-26.105135
87.150986
-26.506752
-69.479820
71.086288
27.510796
-86.950180
28.113222
70.483864
-68.676582
-26.105135
87.150986
-25.101091
-68.877396
72.491951
28.916456
-87.150986
29.719692
70.684669
-67.270927
-24.097048
89.159073
-25.904325
-67.873352
72.090332
26.105135
-84.942093
27.912413
68.274971
-68.877396
-25.703518
89.962311
-25.101091
-64.057983
72.893570
28.715649
-84.138855
29.518883
72.291145
-69.279015
-23.896238
86.347755
-29.117266
-70.283058
70.082245
25.502708
-84.540474
30.322119
70.082245
-67.873352
-25.502708
88.355843
-26.707561
-67.873352
72.291145
25.502708
-87.150986
27.510796
69.479820
-70.483864
-25.502708
87.753418
-29.518883
-67.471733
74.098419
26.908369
-83.134811
29.318075
70.483864
-67.873352
-22.691387
89.359886
-25.703518
-67.672539
73.094376
26.105135
-85.142899
26.908369
69.279015
-70.684669
-25.502708
87.552605
-28.113222
-69.680626
74.500038
25.904325
-84.339668
30.723736
70.082245
-67.070114
-25.101091
87.753418
-29.318075
-73.094376
69.881439
22.490578
-87.753418
27.510796
68.274971
-69.078201
-21.687344
92.572823
-24.900282
-65.865265
72.893570
27.711605
-83.536430
32.531013
69.479820
-69.881439
-26.105135
86.548561
-29.318075
-69.680626
73.295189
24.297857
-83.737244
29.318075
68.877396
-69.479820
-24.297857
87.753418
-28.916456
-70.082245
70.283058
23.293812
-86.347755
27.711605
69.680626
-71.287102
-24.699474
89.159073
-28.514839
-64.057983
75.504082
27.912413
-80.323494
32.932632
71.287102
-68.676582
-24.097048
86.950180
-29.117266
-65.664452
75.303276
26.908369
-81.929962
29.920502
69.881439
-70.283058
-21.285725
86.548561
-28.916456
-67.270927
72.491951
27.109179
-83.737244
29.518883
70.483864
-71.287102
-19.679256
88.355843
-26.305944
-64.660408
73.295189
25.101091
-84.540474
30.924545
70.283058
-66.869308
-23.695431
89.359886
-29.518883
-67.471733
71.287102
24.900282
-81.929962
35.342335
72.692757
-67.672539
-24.297857
85.343712
-30.121309
-69.881439
70.483864
22.490578
-90.163116
30.121309
64.057983
-69.881439
-25.101091
87.150986
-30.522926
-67.270927
73.696808
26.305944
-82.331581
33.535057
70.082245
-70.483864
-24.498665
85.142899
-30.322119
-66.668495
74.901657
24.297857
-84.540474
30.322119
69.078201
-69.881439
-20.884108
87.753418
-28.715649
-66.266884
74.299232
23.293812
-85.946136
28.113222
66.467690
-71.487907
-20.080873
85.946136
-27.309988
-67.070114
71.688713
24.699474
-85.946136
29.719692
67.672539
-71.086288
-23.896238
86.548561
-30.723736
-68.274971
72.291145
22.892195
-83.335625
31.727779
70.283058
-68.676582
-20.683300
89.159073
-27.711605
-67.471733
72.090332
21.285725
-84.138855
29.719692
70.483864
-72.893570
-24.297857
83.737244
-30.723736
-66.668495
73.295189
24.097048
-85.142899
31.326162
67.873352
-69.881439
-23.293812
83.938049
-30.924545
-67.672539
74.700851
22.289768
-84.339668
27.510796
