83.536430
-29.318075
0.000000
0.000000
0.000000
0.000000
0.000000
0.000000
0.000000
0.000000
0.000000
0.000000
0.000000
0.000000
0.000000
0.000000
0.000000
0.000000
0.000000
0.000000
0.000000
0.000000
0.000000
0.000000
0.000000
0.000000
0.000000
0.000000
0.000000
0.000000
0.000000
0.000000
0.000000
0.000000
0.000000
0.000000
0.000000
0.000000
0.000000
0.000000
0.000000
0.000000
0.000000
0.000000
0.000000
0.000000
0.000000
0.000000
0.000000
0.000000
0.000000
0.000000
0.000000
0.000000
0.000000
0.000000
0.000000
0.000000
0.000000
0.000000
0.000000
0.000000
0.000000
0.000000
0.000000
0.000000
0.000000
0.000000
0.000000
0.000000
0.000000
0.000000
0.000000
0.000000
0.000000
0.000000
0.000000
0.000000
0.000000
0.000000
0.000000
0.000000
0.000000
0.000000
0.000000
0.000000
0.000000
0.000000
0.000000
0.000000
0.000000
0.000000
0.000000
0.000000
0.000000
0.000000
0.000000
0.000000
0.000000
0.000000
0.000000
0.000000
0.000000
0.000000
0.000000
0.000000
0.000000
0.000000
0.000000
0.000000
0.000000
0.000000
0.000000
0.000000
0.000000
0.000000
0.000000
0.000000
0.000000
0.000000
0.000000
0.000000
0.000000
0.000000
0.000000
0.000000
0.000000
0.000000
0.000000
0.000000
0.000000
0.000000
0.000000
0.000000
0.000000
0.000000
0.000000
0.000000
0.000000
0.000000
0.000000
0.000000
0.000000
0.000000
0.000000
0.000000
0.000000
0.000000
0.000000
0.000000
0.000000
0.000000
0.000000
0.000000
0.000000
0.000000
0.000000
0.000000
0.000000
0.000000
0.000000
0.000000
0.000000
0.000000
0.000000
0.000000
0.000000
0.000000
0.000000
0.000000
0.000000
0.000000
0.000000
0.000000
0.000000
0.000000
0.000000
0.000000
0.000000
0.000000
0.000000
0.000000
0.000000
0.000000
0.000000
0.000000
0.000000
0.000000
0.000000
0.000000
0.000000
0.000000
0.000000
0.000000
0.000000
0.000000
0.000000
0.000000
0.000000
0.000000
0.000000
0.000000
-58.234531
78.516212
14.659038
-79.721069
41.165791
60.443428
-73.094376
-9.638819
82.130768
-38.555275
-59.238575
72.692757
10.642862
-83.536430
37.952850
55.824825
-74.098419
-13.253376
81.929962
-38.756084
-59.037766
72.090332
9.036393
-84.942093
35.543144
55.824825
-75.704895
-18.474403
79.118637
-43.575493
-63.656368
73.696808
7.429923
-86.146942
38.153660
54.218357
-72.893570
-13.654994
82.331581
-38.756084
-58.836960
75.504082
10.442054
-81.528343
36.747997
57.230488
-76.307320
-13.253376
83.335625
-40.563362
-57.230488
76.708939
11.446097
-81.126724
42.169834
56.025635
-74.098419
-10.642862
81.528343
-39.157703
-55.222401
76.508125
12.851759
-80.925919
40.161747
57.832912
-75.704895
-9.839628
79.921875
-39.760128
-59.439384
74.700851
8.835584
-85.946136
37.752041
53.013504
-76.508125
-12.650950
82.532387
-42.571449
-59.841003
75.704895
6.626688
-81.126724
39.358513
55.222401
-76.106506
-12.249332
81.126724
-40.764172
-59.439384
76.106506
7.630732
-83.536430
40.362556
56.628063
-74.700851
-10.642862
83.536430
-42.370644
-54.419167
77.712982
12.249332
-81.729156
40.764172
55.222401
-75.504082
-11.847715
84.339668
-41.366600
-54.218357
78.114594
13.253376
-78.917831
45.181965
58.836960
-73.696808
-10.442054
84.741287
-41.567406
-56.828869
75.303276
7.831541
-82.130768
43.173878
58.033722
-74.700851
-8.233158
83.335625
-41.768215
-55.624020
75.504082
9.438010
-80.925919
41.768215
54.820782
-76.508125
-10.040437
81.327538
-39.960938
-57.230488
77.712982
5.221027
-79.520256
42.772259
59.238575
-71.487907
-7.229114
82.130768
-43.575493
-58.836960
73.696808
5.020218
-83.335625
41.165791
55.624020
-76.508125
-10.040437
82.733200
-43.977112
-56.828869
76.909744
7.229114
-80.925919
43.575493
54.619976
-75.504082
-10.843672
82.733200
-43.575493
-57.029678
77.913788
7.630732
-82.130768
42.169834
53.214314
-79.118637
-12.048524
78.114594
-44.981155
-57.832912
79.118637
8.835584
-78.315407
47.190052
56.226444
-73.495995
-7.028306
80.725113
-44.780346
-57.029678
73.295189
6.827497
-82.331581
41.969025
55.021591
-77.712982
-9.237202
80.925919
-45.985199
-55.222401
77.712982
6.425879
-82.130768
41.567406
54.218357
-75.704895
-7.429923
82.733200
-44.981155
-54.419167
76.106506
6.827497
-82.331581
41.768215
53.415123
-77.712982
-8.433967
80.925919
-44.378731
-56.226444
77.311363
4.819409
-80.122681
46.186008
57.029678
-73.897614
-5.823453
82.934006
-43.977112
-53.013504
76.508125
5.823453
-84.741287
40.964981
51.206226
-78.114594
-7.429923
82.130768
-41.567406
-52.210270
81.528343
8.634775
-79.520256
45.583580
53.816738
-74.500038
-7.229114
81.126724
-45.583580
-54.017548
76.909744
6.827497
-79.721069
46.788433
55.824825
-73.295189
-6.024262
82.733200
-44.981155
-54.820782
78.717026
5.823453
-79.520256
46.386818
56.025635
-73.495995
-2.409705
84.741287
-42.370644
-52.611889
78.516212
7.630732
-80.122681
47.792477
53.415123
-75.504082
-6.827497
81.929962
-45.382774
-54.218357
77.311363
6.626688
-78.717026
46.989243
58.234531
-75.704895
-3.012131
85.544518
-42.772259
-49.198139
82.733200
6.626688
-78.717026
45.181965
52.611889
-76.909744
-6.626688
82.733200
-44.579536
-52.009460
79.721069
4.618601
-81.729156
44.981155
51.407036
-76.508125
-5.622644
81.929962
-46.587624
-55.624020
77.712982
3.212940
-80.323494
47.190052
54.017548
-78.114594
-4.216983
77.913788
-46.386818
-56.427254
77.712982
2.008087
-81.729156
45.583580
52.009460
-77.712982
-3.614557
80.725113
-44.981155
-50.804607
80.323494
4.216983
-78.717026
47.190052
52.411079
-74.500038
-2.610513
81.929962
-46.186008
-53.415123
78.315407
2.811322
-81.327538
46.587624
50.804607
-78.917831
-2.208896
81.729156
-46.386818
-50.402992
78.315407
3.614557
-79.721069
45.181965
52.009460
-77.913788
-1.004044
83.335625
-43.374687
-49.398949
80.323494
5.622644
-78.315407
48.796520
53.816738
-77.311363
-0.602426
81.327538
-45.985199
-51.407036
78.516212
2.008087
-79.921875
44.579536
50.202183
-79.721069
-2.008087
80.323494
-45.985199
-52.611889
79.721069
1.807279
-76.909744
48.194096
53.013504
-77.712982
-1.606470
80.524300
-45.181965
-51.005417
78.717026
1.606470
-79.921875
47.390862
50.804607
-76.708939
-1.807279
84.138855
-45.583580
-52.411079
79.118637
-1.606470
-79.721069
48.997330
51.607845
-80.925919
-3.614557
77.311363
-50.202183
-51.407036
77.512169
0.200809
-81.528343
48.394905
50.202183
-77.512169
-0.602426
79.520256
-47.993286
-50.603802
79.118637
0.803235
-77.712982
48.595715
52.611889
-77.512169
0.000000
79.118637
-46.587624
-51.808651
81.126724
1.004044
-77.712982
50.804607
49.599758
-77.311363
-3.212940
79.520256
-49.198139
-51.607845
78.516212
-1.004044
-80.122681
48.796520
50.603802
-79.118637
-1.204852
77.311363
-51.607845
-53.615932
76.708939
-1.004044
-81.528343
47.390862
48.194096
-78.717026
-0.200809
82.331581
-49.599758
-50.804607
79.520256
-1.004044
-78.315407
49.398949
48.796520
-78.717026
-3.413749
80.323494
-52.009460
-51.407036
76.909744
-4.618601
-81.929962
48.595715
48.997330
-78.114594
-3.614557
78.114594
-53.816738
-48.997330
80.925919
-1.204852
-75.905701
50.603802
49.398949
-76.508125
-0.200809
78.114594
-49.198139
-49.599758
80.122681
-0.602426
-77.712982
49.398949
49.398949
-77.913788
1.204852
80.725113
-47.390862
-44.780346
83.536430
2.610513
-72.291145
53.214314
51.808651
-74.098419
3.815366
81.126724
-44.378731
-42.571449
83.335625
5.823453
-70.483864
55.423210
51.808651
-72.291145
4.417792
79.520256
-43.173878
-41.366600
84.339668
5.823453
-66.668495
53.615932
51.607845
-67.672539
9.839628
82.733200
-39.960938
-36.145573
82.934006
8.233158
-62.652325
54.820782
52.411079
-65.062027
11.646906
82.532387
-33.334248
-34.137486
85.544518
8.032350
-62.853134
55.021591
53.615932
-63.857178
11.245289
82.733200
-37.952850
-35.342335
81.528343
6.827497
-64.660408
51.407036
48.194096
-70.283058
4.819409
79.921875
-41.969025
-39.358513
75.905701
1.004044
-70.283058
48.796520
46.989243
-71.287102
5.221027
77.913788
-40.362556
-39.760128
78.516212
-0.401617
-67.672539
48.394905
47.190052
-69.078201
6.225070
76.307320
-41.969025
-42.973068
75.303276
-1.606470
-69.279015
47.792477
44.981155
-70.082245
3.212940
75.704895
-46.587624
-45.784389
71.287102
-3.614557
-71.688713
48.194096
48.194096
-68.676582
7.229114
75.704895
-42.772259
-42.169834
75.905701
0.803235
-71.487907
46.186008
41.768215
-74.299232
0.803235
72.491951
-45.382774
-43.776302
73.897614
-6.225070
-74.901657
41.165791
42.571449
-74.901657
1.807279
71.086288
-48.394905
-44.378731
72.291145
-3.815366
-75.303276
45.985199
39.358513
-74.500038
-1.807279
70.483864
-49.198139
-44.378731
73.495995
-4.618601
-76.508125
43.173878
38.956894
-77.311363
-2.008087
69.479820
-49.398949
-43.977112
74.299232
-1.807279
-74.299232
42.973068
39.157703
-78.516212
-1.004044
70.283058
-49.599758
-48.796520
68.475777
-8.835584
-78.315407
44.780346
40.161747
-76.508125
0.602426
68.475777
-50.603802
-45.181965
71.086288
-5.221027
-74.098419
45.985199
41.567406
-74.500038
-1.204852
69.680626
-51.206226
-45.985199
73.696808
-6.225070
-72.692757
45.784389
41.969025
-74.098419
1.004044
68.877396
-48.997330
-45.583580
72.692757
-3.815366
-74.700851
46.788433
40.161747
-74.700851
-1.405661
71.086288
-49.599758
-44.981155
73.295189
-8.634775
-78.114594
42.772259
38.354469
-76.508125
-0.401617
68.877396
-51.206226
-45.985199
71.688713
-6.626688
-74.901657
44.579536
42.169834
-77.110550
1.004044
69.279015
-52.611889
-48.595715
71.688713
-8.032350
-74.700851
47.591671
39.358513
-78.516212
-0.803235
67.471733
-52.411079
-46.788433
72.090332
-5.823453
-75.102463
45.181965
38.555275
-76.106506
2.008087
74.299232
-48.194096
-44.177921
72.893570
-6.024262
-74.098419
47.190052
40.563362
-76.708939
5.221027
70.684669
-46.788433
-45.985199
73.696808
-5.020218
-73.897614
47.993286
40.563362
-76.708939
1.204852
71.086288
-47.792477
-43.173878
74.901657
-6.425879
-76.909744
44.579536
38.555275
-75.102463
1.204852
71.688713
-50.202183
-45.583580
72.090332
-7.831541
-76.106506
48.997330
40.362556
-72.893570
1.606470
70.483864
-50.402992
-43.776302
72.291145
-6.024262
-75.704895
46.186008
39.358513
-76.508125
2.008087
69.881439
-48.796520
-43.776302
74.901657
-4.016175
-73.094376
48.194096
41.768215
-73.295189
6.024262
73.295189
-49.398949
-43.374687
73.495995
-3.815366
-73.696808
49.599758
40.362556
-76.508125
2.208896
69.078201
-51.005417
-44.780346
75.905701
-7.028306
-73.295189
45.583580
39.358513
-77.712982
0.401617
72.090332
-52.611889
-43.173878
72.291145
-6.425879
-74.500038
49.198139
41.366600
-74.500038
5.020218
73.094376
-49.198139
-42.973068
74.901657
-6.024262
-73.094376
48.194096
38.756084
-75.905701
6.024262
73.094376
-48.595715
-44.378731
74.299232
-7.028306
-71.086288
49.800564
40.964981
-75.704895
3.815366
72.291145
-51.607845
-43.173878
72.491951
-9.839628
-72.893570
46.186008
41.165791
-76.106506
3.413749
71.086288
-52.210270
-40.764172
73.696808
-4.216983
-72.692757
49.800564
39.760128
-75.704895
4.016175
71.287102
-50.402992
-41.165791
75.905701
-7.028306
-71.287102
49.398949
40.764172
-73.696808
7.028306
74.901657
-48.595715
-38.956894
76.508125
-6.626688
-72.291145
51.005417
40.563362
-74.500038
5.020218
71.086288
-52.812695
-42.370644
74.901657
-10.843672
-74.299232
46.386818
38.153660
-76.508125
3.815366
69.680626
-54.017548
-41.366600
73.295189
-4.618601
-72.491951
51.206226
39.960938
-76.508125
5.020218
73.094376
-53.013504
-40.764172
73.897614
-9.036393
-71.287102
50.001373
39.760128
-75.303276
5.221027
71.688713
-51.407036
-41.768215
74.098419
-7.229114
-72.893570
50.804607
40.764172
-75.102463
8.433967
72.291145
-48.796520
-39.157703
77.712982
-5.421836
-70.082245
50.603802
40.161747
-74.700851
4.417792
71.287102
-52.210270
-39.760128
77.913788
-5.622644
-70.885483
50.603802
39.157703
-75.303276
9.036393
72.291145
-49.198139
-39.760128
76.106506
-9.237202
-72.090332
48.394905
37.952850
-76.106506
7.028306
73.495995
-50.603802
-40.563362
74.700851
-9.839628
-71.086288
53.415123
41.165791
-71.287102
7.429923
73.897614
-50.001373
-38.956894
75.504082
-8.835584
-72.090332
49.800564
37.952850
-75.905701
6.827497
72.090332
-51.206226
-35.743954
75.704895
-5.020218
-69.881439
53.415123
39.559319
-74.500038
7.630732
70.885483
-51.005417
-38.956894
76.909744
-8.032350
-70.483864
52.812695
37.752041
-75.102463
4.618601
69.479820
-53.013504
-41.165791
76.106506
-8.433967
-70.483864
51.808651
40.161747
-77.311363
9.839628
71.287102
-50.804607
-41.768215
73.094376
-12.048524
-72.291145
51.607845
38.555275
-76.307320
5.421836
69.078201
-52.009460
-39.559319
78.917831
-9.839628
-71.688713
47.591671
34.539101
-77.311363
6.827497
70.684669
-52.812695
-37.350426
75.704895
-8.032350
-71.086288
50.402992
38.354469
-76.708939
7.229114
69.881439
-53.214314
-41.366600
77.512169
-11.847715
-70.483864
49.198139
35.342335
-77.311363
5.823453
70.283058
-53.013504
-38.153660
77.110550
-8.634775
-68.475777
53.816738
39.358513
-74.700851
9.638819
69.881439
-50.001373
-38.756084
79.118637
-8.032350
-70.483864
56.828869
38.153660
-73.495995
10.040437
72.893570
-52.411079
-36.346378
76.307320
-7.630732
-71.889526
52.812695
33.936676
-77.110550
8.233158
70.885483
-51.206226
-40.161747
74.500038
-9.638819
-74.700851
53.415123
35.944763
-77.110550
8.233158
69.680626
-54.218357
-37.551231
76.508125
-9.438010
-70.283058
51.808651
36.948807
-77.110550
10.442054
70.684669
-51.206226
-36.747997
77.512169
-10.642862
-68.274971
52.611889
37.952850
-77.110550
10.241245
71.889526
-53.214314
-34.940720
77.110550
-9.638819
-68.877396
55.624020
37.952850
-75.102463
8.032350
68.475777
-56.427254
-36.948807
77.913788
-7.229114
-68.877396
56.427254
36.547188
-75.905701
9.638819
70.483864
-53.415123
-36.747997
78.315407
-11.646906
-71.889526
51.407036
33.535057
-79.118637
10.442054
69.680626
-52.210270
-35.944763
78.114594
-9.839628
-67.672539
55.021591
35.944763
-75.504082
8.233158
70.684669
-54.017548
-36.346378
77.512169
-10.843672
-70.885483
52.812695
34.137486
-76.708939
9.438010
70.684669
-54.419167
-37.752041
74.700851
-13.654994
-72.491951
52.210270
34.137486
-78.315407
9.036393
68.877396
-53.013504
-33.735867
78.717026
-8.032350
-69.881439
57.431297
37.350426
-75.303276
11.847715
69.881439
-56.628063
-39.358513
73.094376
-13.855803
-72.090332
53.214314
33.936676
-77.110550
11.044480
70.885483
-53.415123
-35.342335
76.909744
-10.241245
-69.078201
55.222401
35.141529
-76.508125
10.241245
70.283058
-53.415123
-35.342335
77.913788
-12.650950
-70.283058
54.820782
34.940720
-76.508125
12.450141
69.479820
-53.415123
-35.944763
76.708939
-12.450141
-71.287102
53.816738
33.535057
-76.708939
12.650950
71.688713
-55.222401
-35.342335
75.102463
-14.257420
-71.889526
53.415123
33.334248
-77.311363
12.650950
69.279015
-55.824825
-37.551231
74.299232
-14.257420
-71.086288
53.415123
35.141529
-79.118637
10.040437
65.262840
-56.427254
-37.551231
77.913788
-13.454185
-72.491951
50.202183
30.522926
-76.708939
10.843672
71.086288
-56.025635
-36.145573
77.311363
-14.257420
-67.471733
54.820782
34.137486
-75.704895
8.634775
67.672539
-58.435341
-36.346378
77.110550
-11.847715
-68.274971
58.033722
35.342335
-75.303276
11.847715
70.885483
-58.636150
-35.743954
77.311363
-12.851759
-64.660408
58.836960
35.743954
-75.504082
17.671167
73.295189
-50.001373
-30.121309
77.311363
-12.450141
-68.074158
56.025635
35.543144
-77.311363
12.450141
67.873352
-56.628063
-37.149616
77.512169
-16.265507
-68.074158
55.624020
36.145573
-76.307320
13.253376
68.676582
-55.624020
-34.338291
78.717026
-13.052567
-68.877396
54.218357
32.531013
-77.110550
11.446097
69.680626
-56.427254
-35.743954
77.512169
-13.855803
-66.467690
58.836960
35.944763
-73.295189
13.253376
69.078201
-55.824825
-31.326162
78.315407
-10.040437
-66.467690
57.431297
37.149616
-74.098419
14.257420
69.479820
-58.234531
-34.338291
75.704895
-14.257420
-68.274971
56.628063
34.137486
-76.508125
11.646906
66.869308
-57.431297
-34.739910
80.524300
-13.253376
-67.270927
55.824825
32.330204
-79.520256
12.450141
66.066071
-59.439384
-34.137486
75.905701
-13.855803
-68.676582
57.029678
34.539101
-77.311363
14.659038
67.873352
-56.226444
-31.727779
80.725113
-13.855803
-65.463646
55.423210
31.928589
-77.311363
12.048524
67.672539
-57.832912
-35.141529
77.512169
-17.269550
-66.668495
55.222401
32.731823
-75.905701
14.257420
69.078201
-55.021591
-32.330204
77.913788
-14.458228
-68.074158
56.628063
32.731823
-75.905701
15.060655
68.877396
-57.029678
-32.129398
77.913788
-13.654994
-66.467690
59.439384
32.330204
-75.704895
14.056611
66.066071
-57.632107
-35.743954
76.708939
-14.257420
-65.664452
59.439384
33.735867
-77.913788
14.056611
68.676582
-56.628063
-31.326162
78.917831
-15.663081
-67.070114
58.636150
30.723736
-75.303276
14.056611
69.479820
-58.435341
-31.727779
75.303276
-17.068743
-69.279015
54.419167
30.924545
-77.913788
13.654994
67.672539
-59.640194
-34.338291
75.704895
-16.265507
-70.684669
57.029678
29.920502
-75.303276
17.470360
69.680626
-56.427254
-33.936676
77.712982
-17.269550
-66.266884
61.045853
33.735867
-72.692757
16.466316
69.279015
-58.234531
-33.334248
77.913788
-14.458228
-68.074158
58.033722
30.121309
-78.114594
15.863890
68.877396
-58.836960
-33.936676
74.700851
-19.076830
-71.086288
55.824825
28.916456
-78.315407
17.470360
66.869308
-57.230488
-33.936676
76.508125
-16.466316
-68.274971
56.828869
30.121309
-79.319450
16.867933
67.873352
-57.431297
-31.125353
77.311363
-15.462273
-68.676582
58.234531
31.125353
-76.708939
16.265507
68.676582
-58.836960
-32.129398
78.516212
-19.076830
-69.279015
56.226444
29.518883
-77.913788
15.863890
67.070114
-59.238575
-31.928589
80.122681
-15.863890
-65.262840
59.439384
29.719692
-76.708939
16.667124
68.274971
-58.435341
-30.322119
77.512169
-15.060655
-66.869308
59.439384
31.727779
-77.512169
17.470360
67.270927
-62.049896
-33.936676
74.700851
-19.277637
-65.664452
58.836960
32.330204
-78.114594
18.876020
66.066071
-56.427254
-30.924545
77.512169
-16.867933
-67.471733
58.033722
29.518883
-78.917831
16.466316
65.865265
-59.238575
-30.924545
77.712982
-17.269550
-67.070114
57.832912
29.117266
-76.909744
17.470360
68.074158
-59.037766
-32.731823
76.708939
-20.080873
-67.672539
60.242619
29.719692
-77.512169
16.867933
66.066071
-59.439384
-31.125353
77.110550
-19.277637
-67.672539
58.033722
31.125353
-77.712982
17.871977
68.074158
-57.230488
-26.908369
80.323494
-17.470360
-67.471733
56.828869
29.719692
-78.315407
18.273594
66.066071
-60.041809
-29.117266
78.516212
-16.667124
-63.455559
60.845047
32.129398
-75.504082
17.871977
67.070114
-58.435341
-29.518883
80.524300
-16.667124
-63.455559
62.250706
31.326162
-73.696808
16.867933
67.070114
-60.443428
-30.121309
75.504082
-17.470360
-68.074158
59.037766
28.514839
-77.712982
16.867933
67.672539
-59.841003
-28.514839
78.114594
-19.076830
-67.070114
59.841003
27.510796
-75.504082
19.076830
69.078201
-57.029678
-27.510796
80.925919
-15.261463
-63.455559
62.652325
26.707561
-78.315407
14.257420
64.258797
-61.648281
-29.719692
78.717026
-17.470360
-67.270927
58.234531
26.908369
-78.114594
19.076830
67.471733
-60.041809
-28.314032
78.917831
-20.281681
-65.865265
61.045853
28.715649
-73.094376
22.088961
68.877396
-55.021591
-24.297857
81.729156
-17.871977
-64.861221
58.234531
27.309988
-76.909744
18.876020
65.062027
-59.640194
-30.322119
76.508125
-18.474403
-64.459602
62.652325
31.727779
-75.102463
20.884108
68.475777
-59.640194
-27.912413
77.311363
-19.679256
-66.066071
59.439384
26.506752
-80.122681
16.265507
63.053940
-60.242619
-27.510796
80.524300
-19.880064
-63.656368
59.037766
31.326162
-75.905701
19.478447
65.865265
-59.439384
-28.314032
79.118637
-21.888151
-67.070114
57.632107
26.305944
-79.520256
17.068743
63.053940
-60.644238
-30.322119
80.524300
-20.482491
-62.652325
62.451515
28.916456
-74.901657
19.076830
67.471733
-61.045853
-30.121309
76.708939
-23.695431
-67.270927
62.853134
28.916456
-74.901657
20.281681
66.467690
-61.447472
-26.506752
78.114594
-21.888151
-67.873352
58.234531
26.707561
-79.118637
19.880064
63.455559
-63.656368
-30.522926
75.303276
-21.084917
-65.262840
61.648281
27.510796
-77.311363
19.076830
64.861221
-61.849091
-28.314032
78.516212
-19.880064
-64.459602
61.648281
24.699474
-79.118637
18.072786
63.656368
-62.652325
-28.113222
76.909744
-20.884108
-64.660408
62.049896
29.719692
-76.708939
22.289768
67.471733
-60.845047
-24.097048
80.925919
-19.679256
-64.660408
61.045853
26.707561
-76.708939
24.097048
65.062027
-59.640194
-29.920502
77.110550
-23.093004
-65.664452
61.246662
24.097048
-78.114594
20.281681
64.459602
-59.037766
-25.703518
79.118637
-20.080873
-62.853134
63.254749
28.514839
-74.901657
21.486534
64.660408
-61.246662
-24.699474
78.516212
-19.076830
-63.053940
62.451515
26.707561
-76.106506
19.076830
65.463646
-60.644238
-22.289768
80.925919
-19.277637
-60.041809
67.672539
28.113222
-69.479820
28.715649
70.082245
-52.009460
-15.863890
81.528343
-21.687344
-60.041809
62.451515
24.297857
-70.684669
26.707561
64.660408
-58.636150
-20.884108
76.708939
-20.482491
-57.230488
67.070114
26.105135
-71.086288
23.896238
60.443428
-62.853134
-23.494621
74.700851
-24.097048
-61.648281
61.648281
21.687344
-74.098419
27.912413
61.849091
-56.226444
-20.281681
77.110550
-22.892195
-57.029678
62.049896
25.301901
-71.889526
24.699474
64.258797
-60.242619
-22.088961
75.303276
-23.093004
-58.435341
64.459602
26.506752
-71.086288
30.924545
64.459602
-58.636150
-21.888151
74.299232
-23.494621
-60.845047
63.053940
22.088961
-74.299232
25.703518
62.451515
-61.045853
-21.486534
77.110550
-25.502708
-60.845047
62.451515
22.289768
-77.110550
18.675213
59.238575
-73.094376
-38.555275
66.668495
-38.555275
-80.122681
55.222401
10.642862
-93.978485
12.249332
54.619976
-77.311363
-35.944763
69.881439
-38.956894
-79.319450
53.013504
12.450141
-94.580910
13.253376
53.214314
-76.909744
-33.936676
73.897614
-33.133442
-74.500038
59.841003
14.859846
-90.163116
17.671167
57.029678
-75.102463
-33.735867
72.491951
-35.342335
-78.717026
56.828869
14.659038
-92.171204
19.076830
58.234531
-77.712982
-33.735867
73.897614
-33.334248
-73.295189
62.451515
15.261463
-88.958267
16.867933
60.242619
-74.098419
-28.314032
77.913788
-31.928589
-68.475777
61.648281
19.478447
-90.564735
17.068743
61.648281
-73.696808
-28.314032
78.516212
-34.338291
-72.491951
62.853134
19.478447
-85.343712
23.695431
63.455559
-70.684669
-27.510796
80.122681
-29.518883
-70.483864
62.250706
19.076830
-90.163116
18.876020
62.049896
-71.487907
-25.703518
84.138855
-29.719692
-69.279015
66.066071
20.884108
-83.938049
23.293812
62.652325
-69.680626
-26.506752
83.737244
-27.109179
-66.869308
68.475777
23.896238
-82.532387
25.502708
64.258797
-69.479820
-26.305944
84.942093
-27.109179
-67.070114
67.672539
20.482491
-82.532387
26.908369
66.668495
-69.479820
-25.301901
81.929962
-28.514839
-66.467690
66.066071
24.297857
-85.544518
26.506752
65.062027
-69.078201
-23.494621
86.950180
-24.900282
-65.262840
71.889526
24.097048
-79.721069
27.711605
67.070114
-68.676582
-22.892195
84.339668
-27.109179
-68.274971
66.668495
23.093004
-80.323494
29.920502
71.487907
-67.672539
-24.699474
82.934006
-27.309988
-66.467690
71.287102
25.101091
-82.130768
29.518883
67.672539
-67.672539
-24.900282
84.942093
-27.109179
-64.258797
70.483864
25.301901
-80.925919
29.518883
68.676582
-69.479820
-22.289768
82.331581
-24.498665
-64.258797
72.893570
27.711605
-81.528343
32.330204
67.672539
-66.266884
-22.892195
85.343712
-27.711605
-65.262840
71.287102
24.297857
-81.528343
32.531013
68.877396
-63.857178
-19.478447
87.552605
-24.900282
-67.070114
70.684669
21.888151
-83.134811
32.731823
68.074158
-64.459602
-18.876020
84.741287
-23.896238
-64.057983
75.102463
26.305944
-77.913788
31.125353
69.078201
-66.066071
-20.884108
87.150986
-25.904325
-63.656368
71.287102
24.097048
-81.327538
34.338291
70.082245
-62.451515
-20.281681
86.146942
-27.912413
-67.672539
70.082245
23.494621
-81.528343
28.514839
68.074158
-69.680626
-23.896238
87.351799
-27.711605
-63.053940
72.893570
24.699474
-81.327538
30.522926
69.279015
-66.266884
-21.687344
86.749374
-29.518883
-61.849091
73.295189
26.105135
-79.921875
31.326162
67.070114
-69.680626
-21.888151
84.339668
-26.506752
-62.853134
74.098419
25.101091
-79.319450
31.526970
70.885483
-67.873352
-21.285725
85.343712
-29.920502
-65.262840
70.483864
24.900282
-79.319450
31.727779
69.680626
-68.877396
-21.285725
84.741287
-27.510796
-63.656368
73.495995
25.502708
-82.130768
30.121309
65.865265
-68.475777
-22.892195
84.339668
-27.711605
-64.258797
72.692757
25.301901
-83.737244
31.727779
67.070114
-67.070114
-20.683300
85.544518
-28.715649
-64.660408
71.889526
22.289768
-81.126724
31.125353
65.463646
-67.672539
-21.285725
87.552605
-27.109179
-60.443428
71.487907
23.896238
-81.327538
31.727779
68.274971
-69.279015
-20.683300
83.335625
-31.526970
-65.463646
70.483864
21.888151
-80.122681
33.535057
66.467690
-66.266884
-21.687344
85.745331
-28.514839
-63.455559
72.692757
21.888151
-84.138855
27.912413
65.062027
-71.086288
-21.285725
85.544518
-31.125353
-63.656368
73.696808
22.691387
-80.323494
31.526970
65.463646
-67.873352
-20.884108
85.142899
-29.117266
-65.262840
72.090332
21.486534
-83.938049
27.912413
64.459602
-70.483864
-21.687344
85.343712
-29.920502
-66.266884
73.094376
21.285725
-82.331581
32.531013
66.066071
-65.664452
-19.880064
87.150986
-30.121309
-68.274971
69.680626
18.876020
-83.335625
30.723736
65.062027
-68.274971
-19.076830
88.556648
-27.711605
-61.648281
73.495995
24.498665
-79.921875
33.936676
65.262840
-70.082245
-23.093004
82.934006
-31.727779
-66.467690
72.893570
20.281681
-81.327538
30.522926
64.258797
-69.680626
-22.088961
84.339668
-32.129398
-68.475777
67.471733
17.671167
-86.146942
28.314032
64.861221
-72.090332
-23.093004
84.339668
-32.129398
-62.250706
74.098419
23.695431
-78.516212
34.539101
67.471733
-68.877396
-23.494621
81.929962
-33.133442
-63.656368
73.696808
22.490578
-80.323494
30.924545
65.865265
-70.082245
-18.072786
83.938049
-31.125353
-64.861221
70.885483
22.490578
-81.528343
31.526970
67.070114
-70.684669
-17.269550
84.741287
-29.518883
-62.853134
71.086288
20.080873
-83.938049
31.125353
65.463646
-67.471733
-20.683300
87.351799
-30.924545
-63.455559
71.688713
21.888151
-79.118637
36.747997
68.475777
-67.471733
-21.687344
83.134811
-32.932632
-66.266884
70.885483
19.478447
-86.146942
33.535057
61.246662
-68.274971
-21.084917
84.942093
-32.129398
-62.652325
73.295189
22.691387
-80.725113
34.338291
65.664452
-70.684669
-22.088961
82.130768
-32.731823
-64.057983
73.094376
20.281681
-82.532387
32.932632
66.066071
-68.676582
-17.671167
84.942093
-30.522926
-61.447472
74.700851
20.884108
-81.929962
30.723736
63.656368
-70.483864
-16.466316
82.934006
-29.117266
-64.459602
70.082245
20.683300
-84.138855
32.129398
64.258797
-69.881439
-19.679256
84.540474
-31.727779
-63.857178
72.893570
20.080873
-80.323494
33.133442
65.865265
-67.672539
-16.265507
87.753418
-27.912413
-63.455559
71.487907
17.871977
-81.126724
31.326162
67.270927
-72.491951
-20.281681
81.126724
-31.526970
-61.045853
75.102463
22.289768
-81.327538
32.330204
63.455559
-70.082245
-21.285725
80.323494
-33.535057
-63.254749
75.905701
19.880064
-80.725113
29.518883
