-34.940720
19.679256
0.000000
0.000000
0.000000
0.000000
0.000000
0.000000
0.000000
0.000000
0.000000
0.000000
0.000000
0.000000
0.000000
0.000000
0.000000
0.000000
0.000000
0.000000
0.000000
0.000000
0.000000
0.000000
0.000000
0.000000
0.000000
0.000000
0.000000
0.000000
0.000000
0.000000
0.000000
0.000000
0.000000
0.000000
0.000000
0.000000
0.000000
0.000000
0.000000
0.000000
0.000000
0.000000
0.000000
0.000000
0.000000
0.000000
0.000000
0.000000
0.000000
0.000000
0.000000
0.000000
0.000000
0.000000
0.000000
0.000000
0.000000
0.000000
0.000000
0.000000
0.000000
0.000000
0.000000
0.000000
0.000000
0.000000
0.000000
0.000000
0.000000
0.000000
0.000000
0.000000
0.000000
0.000000
0.000000
0.000000
0.000000
0.000000
0.000000
0.000000
0.000000
0.000000
0.000000
0.000000
0.000000
0.000000
0.000000
0.000000
0.000000
0.000000
0.000000
0.000000
0.000000
0.000000
0.000000
0.000000
0.000000
0.000000
0.000000
0.000000
0.000000
0.000000
0.000000
0.000000
0.000000
0.000000
0.000000
0.000000
0.000000
0.000000
0.000000
0.000000
0.000000
0.000000
0.000000
0.000000
0.000000
0.000000
0.000000
0.000000
0.000000
0.000000
0.000000
0.000000
0.000000
0.000000
0.000000
0.000000
0.000000
0.000000
0.000000
0.000000
0.000000
0.000000
0.000000
0.000000
0.000000
0.000000
0.000000
0.000000
0.000000
0.000000
0.000000
0.000000
0.000000
0.000000
0.000000
0.000000
0.000000
0.000000
0.000000
0.000000
0.000000
0.000000
0.000000
0.000000
0.000000
0.000000
0.000000
0.000000
0.000000
0.000000
0.000000
0.000000
0.000000
0.000000
0.000000
0.000000
0.000000
0.000000
0.000000
0.000000
0.000000
0.000000
0.000000
0.000000
0.000000
0.000000
0.000000
0.000000
0.000000
0.000000
0.000000
0.000000
0.000000
0.000000
0.000000
0.000000
0.000000
0.000000
0.000000
0.000000
0.000000
0.000000
0.000000
0.000000
0.000000
0.000000
0.000000
0.000000
21.285725
-31.928589
2.008087
31.326162
-22.088961
-22.289768
32.731823
-3.614557
-36.145573
20.884108
19.277637
-33.936676
1.405661
32.731823
-20.080873
-21.084917
37.350426
-2.208896
-33.334248
22.490578
19.478447
-33.535057
3.614557
32.129398
-21.285725
-23.695431
35.543144
-3.413749
-31.928589
25.502708
20.884108
-32.129398
2.008087
30.723736
-24.097048
-24.900282
33.334248
-3.614557
-33.936676
21.888151
15.462273
-37.752041
-1.606470
32.531013
-21.285725
-17.470360
35.543144
-3.012131
-36.547188
19.679256
15.462273
-36.145573
-0.200809
31.125353
-27.109179
-20.683300
33.133442
-3.012131
-34.338291
22.289768
16.867933
-33.735867
0.602426
32.129398
-24.097048
-17.470360
38.153660
1.405661
-30.924545
22.490578
15.663081
-37.551231
2.008087
32.531013
-21.084917
-15.863890
33.936676
-4.417792
-34.338291
18.876020
17.068743
-34.338291
1.204852
32.531013
-23.093004
-18.474403
34.940720
-1.004044
-32.731823
22.691387
17.269550
-36.948807
2.008087
32.932632
-22.892195
-18.474403
34.137486
-3.614557
-33.334248
22.490578
16.064699
-34.539101
2.811322
35.743954
-20.281681
-18.876020
36.346378
-1.807279
-33.535057
23.695431
17.269550
-35.141529
3.815366
32.330204
-22.691387
-23.896238
31.326162
-5.823453
-34.940720
23.494621
20.080873
-33.735867
7.229114
33.133442
-19.880064
-21.486534
31.526970
-5.622644
-37.149616
23.695431
17.269550
-34.338291
2.811322
32.932632
-23.093004
-20.281681
35.543144
-3.012131
-32.932632
26.908369
17.871977
-32.531013
5.823453
35.944763
-20.884108
-18.675213
32.731823
-4.819409
-33.936676
25.301901
17.871977
-34.338291
4.417792
33.535057
-19.880064
-17.068743
33.936676
-2.610513
-34.739910
25.502708
15.663081
-35.944763
2.610513
31.526970
-20.080873
-20.281681
33.334248
-6.827497
-36.547188
23.494621
16.466316
-36.145573
2.008087
29.719692
-25.301901
-21.285725
33.535057
-2.208896
-34.338291
27.309988
18.273594
-37.149616
1.606470
28.916456
-26.908369
-20.482491
31.928589
-6.024262
-35.543144
25.904325
17.269550
-30.723736
4.417792
34.940720
-23.293812
-17.068743
34.137486
-4.216983
-33.133442
27.510796
19.880064
-31.326162
5.221027
30.723736
-25.904325
-19.880064
32.330204
-2.409705
-34.739910
25.101091
16.064699
-37.551231
0.000000
28.916456
-25.904325
-18.876020
34.539101
-4.618601
-37.350426
22.892195
13.654994
-32.330204
4.216983
34.137486
-21.486534
-18.273594
36.747997
-4.016175
-34.539101
24.498665
16.867933
-33.334248
6.024262
34.338291
-22.088961
-16.867933
36.747997
-3.614557
-32.731823
24.699474
17.671167
-32.129398
7.630732
36.948807
-20.080873
-14.659038
37.149616
-2.208896
-34.940720
25.703518
17.871977
-34.539101
8.433967
32.531013
-21.687344
-20.080873
35.743954
-5.020218
-32.330204
26.506752
18.072786
-34.137486
5.020218
32.129398
-24.097048
-16.265507
36.547188
-2.811322
-31.326162
24.699474
16.466316
-35.944763
5.622644
29.719692
-24.297857
-19.679256
33.735867
-5.020218
-33.334248
27.510796
17.871977
-32.932632
7.831541
32.330204
-22.289768
-18.675213
36.346378
-7.429923
-30.322119
25.904325
18.474403
-31.526970
7.028306
34.137486
-20.884108
-17.269550
37.350426
-4.216983
-31.526970
27.309988
16.667124
-34.137486
4.819409
31.326162
-25.101091
-18.675213
35.141529
-7.229114
-31.727779
24.699474
16.867933
-36.547188
4.618601
28.916456
-26.707561
-18.675213
33.334248
-6.827497
-32.129398
27.510796
15.663081
-32.932632
2.409705
31.125353
-25.301901
-15.663081
38.956894
-3.012131
-29.318075
25.904325
13.654994
-36.547188
0.000000
30.924545
-28.113222
-16.867933
34.338291
-8.835584
-34.739910
22.289768
13.454185
-34.739910
2.208896
29.920502
-28.113222
-19.679256
32.531013
-9.036393
-34.940720
27.109179
15.462273
-30.723736
5.221027
33.735867
-22.490578
-14.056611
38.153660
-1.405661
-34.539101
24.498665
11.646906
-35.743954
6.425879
34.137486
-20.080873
-15.060655
38.153660
-2.409705
-32.932632
27.109179
14.659038
-34.940720
4.216983
29.318075
-26.305944
-17.068743
34.539101
-6.425879
-33.735867
24.097048
13.454185
-35.342335
5.622644
31.727779
-24.699474
-14.859846
35.141529
-5.823453
-32.731823
25.101091
13.454185
-35.944763
7.028306
31.326162
-24.498665
-16.265507
35.141529
-8.233158
-32.731823
23.695431
13.654994
-35.543144
4.417792
33.133442
-25.301901
-17.671167
33.334248
-9.036393
-36.547188
28.113222
15.060655
-30.322119
8.233158
33.535057
-24.097048
-20.482491
32.531013
-8.835584
-35.743954
28.514839
14.257420
-33.936676
8.233158
30.924545
-25.301901
-15.863890
35.543144
-2.008087
-27.711605
32.932632
19.679256
-36.145573
8.835584
27.309988
-24.297857
-15.863890
40.764172
-6.827497
-29.318075
28.715649
13.855803
-32.731823
7.831541
30.322119
-22.892195
-14.859846
36.747997
-5.823453
-28.715649
27.912413
16.466316
-33.735867
5.221027
30.924545
-25.703518
-16.466316
36.948807
-6.225070
-32.330204
28.113222
13.052567
-35.743954
5.622644
28.916456
-27.510796
-15.863890
36.747997
-6.024262
-31.727779
28.113222
12.249332
-32.129398
7.429923
33.535057
-24.498665
-12.048524
36.346378
-7.028306
-32.129398
22.088961
13.052567
-35.944763
8.032350
32.330204
-23.494621
-16.667124
36.547188
-7.028306
-32.531013
27.711605
11.646906
-36.948807
7.028306
31.526970
-23.695431
-10.442054
39.358513
-3.614557
-29.117266
30.723736
15.060655
-33.334248
10.442054
30.723736
-25.101091
-12.851759
38.153660
-2.610513
-31.125353
27.912413
12.650950
-35.141529
11.044480
33.334248
-23.093004
-10.241245
40.563362
-3.815366
-27.912413
30.723736
13.855803
-30.322119
13.052567
34.940720
-21.084917
-9.237202
40.161747
-6.024262
-27.711605
30.924545
16.265507
-29.719692
15.060655
33.535057
-22.289768
-8.433967
39.358513
-5.020218
-28.514839
31.526970
15.060655
-30.723736
14.056611
31.125353
-24.498665
-10.442054
34.940720
-6.024262
-30.121309
31.125353
13.855803
-33.334248
14.458228
28.514839
-22.289768
-11.646906
38.153660
-5.622644
-30.723736
32.129398
11.044480
-32.731823
12.650950
31.125353
-23.093004
-8.835584
37.952850
-8.032350
-28.514839
27.510796
14.056611
-33.735867
13.454185
29.318075
-23.695431
-10.442054
38.956894
-3.815366
-25.703518
33.735867
14.458228
-31.125353
14.659038
30.924545
-21.486534
-10.442054
37.752041
-8.032350
-27.711605
29.318075
14.458228
-33.535057
11.245289
30.322119
-25.301901
-10.442054
38.756084
-9.638819
-28.514839
29.318075
8.032350
-34.940720
9.237202
26.908369
-25.904325
-8.032350
33.535057
-8.233158
-31.125353
27.510796
10.843672
-36.346378
10.241245
24.297857
-27.711605
-16.265507
30.723736
-13.855803
-34.137486
26.105135
8.634775
-35.944763
7.028306
26.105135
-28.715649
-14.659038
33.735867
-9.839628
-29.518883
27.912413
12.048524
-38.756084
6.827497
25.502708
-30.322119
-11.646906
35.342335
-7.630732
-29.719692
29.518883
9.638819
-36.547188
9.438010
27.510796
-27.912413
-14.659038
32.129398
-12.048524
-32.531013
28.113222
10.843672
-38.354469
10.040437
24.900282
-30.723736
-12.650950
33.334248
-9.638819
-30.522926
29.318075
8.433967
-36.145573
8.433967
24.498665
-27.912413
-14.859846
34.940720
-9.638819
-31.326162
28.113222
9.638819
-37.752041
8.634775
28.113222
-29.518883
-10.040437
33.334248
-10.843672
-31.326162
27.912413
8.835584
-32.330204
10.040437
27.109179
-26.305944
-11.044480
35.342335
-8.032350
-31.928589
27.711605
5.221027
-33.735867
9.036393
28.314032
-28.314032
-14.056611
31.326162
-10.843672
-31.727779
27.309988
9.638819
-34.338291
11.044480
30.121309
-28.715649
-11.245289
32.932632
-7.229114
-31.928589
30.522926
8.433967
-36.145573
10.442054
25.502708
-28.514839
-11.044480
35.944763
-9.438010
-26.707561
28.916456
12.851759
-32.932632
13.855803
27.510796
-25.301901
-13.253376
34.940720
-11.446097
-30.723736
30.322119
9.036393
-33.535057
11.044480
26.908369
-29.719692
-13.052567
33.334248
-11.044480
-27.109179
32.330204
11.245289
-30.924545
8.433967
27.912413
-26.506752
-12.048524
36.547188
-8.433967
-32.731823
31.526970
7.831541
-34.539101
9.036393
25.904325
-30.522926
-12.048524
33.535057
-8.433967
-28.113222
32.129398
8.835584
-33.735867
7.028306
25.703518
-29.318075
-13.253376
36.547188
-10.642862
-26.707561
27.711605
9.839628
-37.551231
11.044480
24.900282
-26.506752
-13.052567
36.346378
-10.241245
-26.707561
29.117266
10.442054
-36.948807
7.028306
25.101091
-30.723736
-12.851759
33.735867
-11.446097
-31.326162
26.908369
6.827497
-38.153660
7.831541
24.297857
-30.924545
-12.650950
31.326162
-12.851759
-32.531013
27.510796
7.831541
-35.944763
8.233158
23.494621
-30.121309
-13.253376
33.735867
-12.650950
-32.330204
27.711605
6.225070
-34.137486
12.249332
28.314032
-26.707561
-10.642862
34.940720
-13.052567
-27.510796
26.908369
10.442054
-36.747997
10.843672
27.109179
-29.117266
-11.847715
34.137486
-14.859846
-30.121309
27.510796
8.032350
-35.141529
10.241245
27.109179
-28.113222
-11.044480
34.338291
-12.249332
-30.924545
29.117266
7.028306
-33.735867
9.638819
27.912413
-27.510796
-9.438010
34.539101
-10.040437
-32.129398
28.514839
6.626688
-34.539101
11.245289
28.916456
-28.514839
-10.241245
34.539101
-9.237202
-27.711605
30.924545
10.241245
-38.153660
13.654994
22.088961
-26.305944
-15.462273
33.936676
-12.851759
-29.920502
29.318075
9.638819
-36.948807
11.646906
25.502708
-30.322119
-12.851759
30.522926
-12.851759
-29.318075
29.920502
12.650950
-35.543144
12.249332
24.097048
-28.514839
-13.855803
36.948807
-13.454185
-30.121309
29.318075
5.622644
-34.137486
10.642862
28.113222
-27.309988
-9.638819
35.944763
-10.442054
-30.322119
30.522926
6.626688
-35.543144
10.642862
24.498665
-32.129398
-12.851759
31.928589
-12.650950
-30.522926
31.526970
7.229114
-32.731823
14.458228
25.904325
-28.715649
-9.638819
33.936676
-12.048524
-30.522926
26.105135
9.036393
-37.551231
13.855803
25.301901
-29.318075
-9.839628
34.539101
-9.237202
-29.117266
31.727779
8.433967
-32.932632
13.855803
28.113222
-25.101091
-11.646906
36.346378
-10.843672
-29.117266
29.920502
6.425879
-36.145573
14.659038
26.908369
-25.101091
-10.843672
33.936676
-12.048524
-27.711605
33.334248
12.249332
-31.326162
14.458228
27.510796
-27.912413
-10.241245
33.735867
-13.253376
-28.715649
27.912413
10.843672
-34.940720
16.867933
27.912413
-28.514839
-10.843672
33.334248
-12.450141
-27.109179
29.920502
6.425879
-34.338291
10.442054
26.305944
-27.912413
-9.839628
37.350426
-10.843672
-28.314032
29.318075
7.028306
-35.944763
15.060655
25.502708
-26.707561
-11.446097
33.936676
-13.454185
-26.105135
31.125353
11.446097
-33.936676
11.245289
25.502708
-32.330204
-10.843672
31.326162
-11.847715
-30.522926
30.723736
8.835584
-34.940720
12.249332
25.301901
-30.121309
-10.241245
37.149616
-11.446097
-24.900282
32.531013
8.032350
-34.137486
11.044480
21.285725
-29.117266
-12.450141
34.338291
-11.847715
-28.314032
32.531013
9.839628
-35.141529
12.249332
21.888151
-29.719692
-9.638819
37.952850
-7.831541
-25.502708
33.133442
9.839628
-37.149616
14.659038
25.502708
-28.314032
-9.438010
35.743954
-14.056611
-26.105135
28.514839
10.843672
-37.350426
14.257420
24.097048
-29.117266
-10.843672
35.141529
-14.458228
-29.719692
26.908369
4.016175
-36.747997
9.438010
22.088961
-31.125353
-13.253376
32.531013
-12.450141
-29.117266
33.133442
9.638819
-33.133442
13.654994
24.699474
-29.318075
-10.442054
38.354469
-12.249332
-26.506752
30.924545
7.831541
-34.940720
17.671167
28.916456
-25.301901
-6.827497
35.141529
-13.253376
-29.920502
27.912413
6.827497
-33.936676
15.462273
28.514839
-27.912413
-7.630732
35.141529
-9.036393
-27.912413
30.522926
7.429923
-35.743954
16.667124
25.301901
-27.510796
-11.646906
32.330204
-13.654994
-27.510796
32.330204
7.831541
-32.731823
14.859846
26.506752
-24.900282
-8.835584
36.948807
-12.450141
-26.105135
33.334248
8.032350
-35.141529
13.855803
21.888151
-29.518883
-9.839628
32.129398
-12.851759
-26.707561
31.928589
6.024262
-34.137486
11.446097
24.498665
-29.117266
-9.638819
33.334248
-14.257420
-26.305944
34.338291
11.646906
-29.719692
17.068743
27.109179
-25.904325
-5.823453
38.956894
-12.249332
-26.105135
28.314032
6.626688
-34.940720
15.462273
25.904325
-28.113222
-11.044480
33.735867
-17.068743
-27.510796
27.309988
6.225070
-35.944763
15.261463
25.502708
-29.318075
-6.425879
34.539101
-12.048524
-23.494621
33.936676
10.040437
-32.531013
14.257420
24.498665
-29.920502
-7.831541
35.543144
-13.253376
-27.109179
30.121309
6.225070
-36.145573
14.056611
23.896238
-29.719692
-9.237202
34.539101
-15.060655
-27.711605
29.920502
6.626688
-34.539101
14.859846
26.305944
-29.920502
-6.024262
32.531013
-14.659038
-27.309988
28.514839
8.835584
-35.944763
14.859846
23.494621
-28.514839
-8.634775
38.153660
-12.851759
-26.908369
28.715649
4.819409
-38.153660
15.261463
24.699474
-29.318075
-8.233158
31.526970
-12.851759
-29.117266
31.526970
7.028306
-36.547188
16.064699
24.699474
-27.510796
-8.233158
35.944763
-13.654994
-26.305944
31.326162
5.421836
-37.752041
12.048524
21.285725
-32.531013
-7.028306
31.727779
-13.654994
-27.912413
31.526970
8.032350
-32.731823
17.470360
22.289768
-27.711605
-11.044480
34.137486
-15.060655
-25.703518
29.920502
7.028306
-33.133442
15.060655
27.711605
-28.314032
-7.831541
33.334248
-13.253376
-27.510796
35.743954
6.626688
-32.932632
16.667124
23.494621
-28.113222
-6.024262
33.936676
-13.253376
-26.305944
33.133442
8.233158
-32.330204
17.068743
26.506752
-28.514839
-7.429923
34.338291
-14.458228
-29.318075
31.928589
4.417792
-35.543144
15.261463
23.896238
-30.322119
-8.233158
36.948807
-13.855803
-24.297857
31.326162
7.630732
-33.535057
18.675213
26.506752
-26.506752
-6.626688
33.735867
-15.863890
-27.912413
32.330204
7.229114
-33.334248
14.859846
23.293812
-30.121309
-5.221027
36.346378
-11.646906
-25.301901
30.924545
7.229114
-36.145573
17.068743
24.097048
-30.522926
-8.835584
32.531013
-15.863890
-26.707561
31.326162
6.024262
-36.145573
14.659038
22.892195
-30.322119
-5.622644
32.932632
-12.650950
-26.506752
29.719692
4.819409
-36.145573
12.851759
25.101091
-30.924545
-7.630732
33.735867
-13.654994
-25.703518
34.940720
6.024262
-35.342335
17.269550
24.097048
-27.510796
-3.413749
33.936676
-14.659038
-27.510796
29.719692
5.221027
-34.539101
16.265507
23.494621
-29.719692
-7.630732
33.936676
-15.261463
-29.117266
27.510796
0.803235
-38.555275
14.859846
24.699474
-26.908369
-5.221027
35.944763
-14.859846
-25.904325
32.731823
8.433967
-32.731823
17.871977
22.490578
-29.719692
-8.032350
31.326162
-11.847715
-31.526970
31.928589
0.401617
-39.559319
16.064699
21.486534
-28.916456
-8.835584
30.723736
-15.663081
-27.711605
31.727779
2.409705
-35.543144
15.060655
24.498665
-28.314032
-6.626688
33.535057
-15.261463
-26.908369
31.526970
4.417792
-34.338291
17.068743
24.498665
-29.117266
-5.823453
33.133442
-12.650950
-27.309988
32.531013
3.413749
-36.346378
12.650950
20.281681
-32.330204
-11.446097
33.735867
-18.675213
-28.314032
29.920502
4.016175
-32.932632
17.269550
23.695431
-32.531013
-10.040437
32.531013
-15.663081
-25.101091
34.739910
5.421836
-33.535057
18.273594
23.494621
-28.715649
-6.425879
34.940720
-15.261463
-24.498665
32.531013
5.020218
-33.735867
19.076830
24.699474
-27.711605
-4.016175
35.141529
-13.654994
-24.297857
31.727779
5.823453
-36.346378
15.863890
22.892195
-30.322119
-4.618601
36.948807
-17.068743
-22.691387
30.723736
6.225070
-35.141529
15.462273
23.695431
-29.920502
-4.417792
36.547188
-12.048524
-23.896238
34.539101
4.417792
-35.944763
18.072786
20.884108
-29.518883
-7.630732
31.125353
-14.458228
-26.506752
32.129398
6.225070
-35.141529
17.871977
24.498665
-29.318075
-4.216983
36.346378
-14.659038
-26.305944
31.928589
3.212940
-34.338291
15.863890
26.305944
-31.125353
-3.614557
31.526970
-17.470360
-29.117266
31.326162
5.823453
-34.739910
16.667124
22.490578
-31.928589
-7.229114
33.735867
-17.671167
-28.916456
31.727779
3.614557
-35.141529
18.876020
21.084917
-31.928589
-9.036393
32.932632
-19.679256
-27.912413
30.121309
2.811322
-32.330204
19.880064
26.105135
-29.117266
-3.212940
36.145573
-13.654994
-23.695431
32.129398
4.216983
-34.940720
17.671167
24.097048
-31.526970
-4.819409
33.735867
-18.675213
-27.711605
30.121309
2.208896
-32.531013
17.871977
24.699474
-32.129398
-5.221027
31.526970
-16.466316
-28.916456
31.526970
2.610513
-35.543144
15.663081
20.884108
-31.526970
-6.024262
34.739910
-16.667124
-24.297857
32.932632
6.225070
-32.932632
19.478447
20.482491
-31.526970
-10.040437
30.924545
-17.470360
-27.309988
31.727779
2.008087
-35.944763
17.871977
20.281681
-30.723736
-6.626688
31.526970
-16.466316
-26.506752
34.338291
4.618601
-32.330204
17.671167
21.285725
-32.531013
-6.425879
33.334248
-15.462273
-24.699474
32.531013
2.610513
-35.141529
13.454185
26.105135
-33.535057
-3.413749
32.731823
-17.871977
-24.297857
32.330204
6.225070
-34.940720
16.667124
22.490578
-33.334248
-2.811322
34.338291
-12.650950
-21.285725
35.743954
5.221027
-33.735867
19.076830
23.093004
-27.109179
-4.618601
33.133442
-15.663081
-24.900282
33.334248
6.024262
-36.346378
17.671167
20.281681
-31.526970
-4.819409
35.543144
-14.659038
-24.699474
33.133442
3.212940
-35.342335
18.876020
23.093004
-31.125353
-2.610513
34.739910
-15.462273
-23.494621
33.535057
4.417792
-32.129398
17.871977
25.703518
-26.908369
0.200809
38.555275
-13.052567
-24.699474
34.940720
3.212940
-30.924545
19.880064
24.498665
-28.916456
-1.606470
33.334248
-15.462273
-24.498665
34.338291
5.221027
-32.731823
17.269550
20.884108
-29.920502
-3.815366
35.743954
-12.851759
-24.900282
36.547188
3.413749
-32.932632
20.281681
26.305944
-26.105135
1.405661
36.948807
-13.855803
-24.900282
31.928589
5.421836
-33.936676
21.888151
26.908369
-29.920502
-1.204852
33.334248
-14.056611
-24.699474
37.752041
4.216983
-30.322119
17.269550
24.297857
-32.129398
-3.815366
32.531013
-14.859846
-26.908369
33.936676
4.417792
-36.346378
16.466316
21.084917
-33.334248
-5.622644
33.936676
-16.867933
-23.494621
35.944763
7.831541
-27.711605
22.892195
26.105135
-28.916456
-3.413749
34.940720
-15.261463
-21.687344
34.940720
5.421836
-32.731823
17.470360
24.900282
-32.531013
-4.016175
34.338291
-16.466316
-23.896238
37.551231
3.815366
-34.338291
17.068743
20.884108
-31.326162
-1.606470
36.948807
-17.470360
-22.088961
34.137486
3.614557
-32.129398
17.470360
21.486534
-33.334248
-5.622644
32.932632
-18.876020
-23.896238
33.735867
3.012131
-36.547188
17.269550
19.679256
-33.936676
-3.212940
35.543144
-15.060655
-18.876020
36.547188
6.425879
-32.932632
18.273594
21.888151
-32.330204
0.602426
35.944763
-14.257420
-21.687344
32.129398
5.020218
-34.137486
22.088961
23.293812
-28.916456
-3.815366
34.539101
-19.679256
-23.896238
31.928589
2.008087
-35.141529
18.876020
21.888151
-32.731823
-2.610513
31.326162
-15.261463
-25.301901
35.543144
1.606470
-35.543144
18.072786
17.871977
-34.137486
-4.618601
33.535057
-23.093004
-26.506752
32.932632
-0.803235
-32.531013
20.683300
17.269550
-31.928589
-3.614557
33.535057
-16.466316
-21.888151
37.149616
2.610513
-33.133442
21.687344
18.273594
-30.924545
0.401617
31.727779
-15.462273
-24.097048
31.727779
1.204852
-35.944763
22.490578
17.671167
-31.727779
-3.413749
32.932632
-18.273594
-22.490578
35.342335
1.004044
-34.137486
22.691387
19.277637
-30.723736
-0.602426
33.133442
-17.068743
-22.289768
34.338291
-1.405661
-35.944763
19.880064
20.482491
-33.936676
0.401617
31.125353
-19.478447
-20.683300
33.936676
0.200809
-34.539101
22.088961
20.482491
-30.723736
0.803235
33.535057
-16.667124
-20.080873
36.747997
1.606470
-31.125353
23.896238
24.900282
-28.916456
2.610513
32.531013
-18.273594
-20.281681
34.338291
3.012131
-33.535057
22.088961
20.281681
-31.928589
-2.610513
29.117266
-21.486534
-27.109179
27.510796
-4.819409
-41.969025
11.446097
13.654994
-38.956894
-11.245289
26.707561
-26.305944
-30.322119
26.506752
-1.405661
-41.366600
15.663081
16.667124
-33.936676
-7.831541
29.518883
-24.097048
-31.526970
29.920502
-4.417792
-38.354469
15.261463
16.867933
-35.141529
-7.831541
27.510796
-23.494621
-29.518883
28.514839
0.200809
-37.952850
20.482491
17.470360
-32.531013
-9.036393
29.518883
-22.088961
-28.314032
28.314032
-0.803235
-37.752041
18.474403
20.281681
-32.731823
-6.024262
33.735867
-21.486534
-24.699474
29.318075
2.208896
-36.346378
19.076830
19.880064
-34.338291
-8.233158
31.125353
-20.683300
-28.113222
32.531013
0.602426
-35.141529
18.474403
19.880064
-33.936676
-7.028306
30.121309
-19.679256
-27.510796
30.924545
0.602426
-39.760128
16.667124
17.470360
-34.940720
-7.831541
30.121309
-24.097048
-25.502708
30.322119
3.815366
-34.137486
17.671167
22.088961
-31.928589
-6.225070
34.940720
-20.281681
-25.301901
33.735867
3.212940
-33.936676
19.478447
23.293812
-29.920502
-1.807279
36.547188
-18.876020
-24.900282
32.330204
3.413749
-35.743954
20.281681
23.293812
-31.125353
-1.606470
33.334248
-18.072786
-24.900282
35.543144
5.823453
-33.936676
17.470360
19.880064
-33.735867
-3.012131
37.149616
-17.068743
-21.687344
36.145573
7.229114
-30.322119
21.687344
22.088961
-33.133442
-5.221027
32.330204
-20.884108
-27.109179
34.940720
3.614557
-30.522926
22.289768
22.490578
-32.531013
-4.216983
32.731823
-20.080873
-24.900282
29.719692
2.811322
-36.145573
17.871977
24.498665
-35.342335
-3.413749
30.522926
-18.474403
-25.301901
31.727779
4.417792
-37.551231
19.880064
21.888151
-30.924545
-5.020218
36.547188
-18.273594
-26.105135
32.129398
0.401617
-37.551231
22.088961
24.699474
-29.719692
-2.610513
32.932632
-17.871977
-26.105135
34.539101
3.212940
-33.334248
21.687344
26.305944
-29.920502
-2.008087
34.739910
-16.466316
-24.900282
35.543144
1.204852
-35.543144
18.273594
22.490578
-29.920502
-2.008087
38.153660
-17.269550
-23.896238
32.129398
2.811322
-33.936676
20.683300
24.097048
-31.526970
-3.413749
36.346378
-15.663081
-21.084917
35.543144
4.819409
-33.535057
21.285725
24.699474
-29.719692
-0.803235
35.743954
-16.265507
-23.896238
33.334248
3.012131
-35.543144
23.695431
22.691387
-27.912413
-3.413749
35.743954
-16.466316
-21.285725
34.137486
6.425879
-36.747997
24.699474
22.490578
-27.109179
-0.602426
38.354469
-15.261463
-20.281681
33.535057
6.425879
-32.932632
23.896238
26.707561
-30.522926
-0.602426
35.342335
-17.470360
-22.289768
37.149616
4.819409
-30.121309
20.884108
22.490578
-31.727779
-4.819409
36.547188
-17.871977
-21.687344
31.727779
1.807279
-35.743954
20.482491
25.703518
-28.514839
-1.807279
35.944763
-21.084917
-24.699474
33.133442
3.815366
-33.133442
24.097048
22.289768
-31.928589
-2.008087
34.338291
-17.068743
-21.084917
35.543144
2.811322
-32.932632
17.269550
22.892195
-32.932632
-3.012131
35.743954
-16.265507
-22.691387
37.149616
3.815366
-34.137486
21.888151
19.478447
-32.531013
-5.421836
34.739910
-19.679256
-20.884108
34.940720
4.417792
-32.531013
20.080873
25.301901
-29.518883
-1.004044
36.747997
-17.871977
-24.900282
35.743954
3.413749
-32.731823
20.884108
24.699474
-32.531013
-1.004044
33.334248
-19.880064
-23.695431
32.330204
3.413749
-32.330204
19.277637
23.896238
-32.531013
-0.602426
34.940720
-16.265507
-22.088961
34.739910
4.016175
-32.129398
23.896238
23.695431
-31.125353
-4.016175
33.334248
-21.486534
-23.695431
30.723736
1.606470
-36.547188
21.285725
21.687344
-30.522926
-1.807279
35.543144
-17.871977
-23.494621
31.326162
1.204852
-36.346378
20.080873
23.494621
-31.125353
-1.204852
35.342335
-16.667124
-23.093004
35.141529
1.405661
-34.539101
17.871977
21.888151
-34.137486
-0.401617
33.735867
-16.867933
-22.691387
36.145573
4.016175
-31.526970
23.093004
21.486534
-29.920502
-2.008087
36.145573
-20.080873
-23.093004
31.727779
0.401617
-33.133442
21.888151
23.896238
-30.924545
-0.401617
36.747997
-16.667124
-17.269550
34.338291
5.823453
-32.731823
23.293812
25.703518
-27.109179
1.004044
38.756084
-15.663081
-19.478447
35.944763
2.008087
-36.145573
19.277637
20.080873
-33.133442
-2.811322
36.346378
-18.675213
-19.880064
35.743954
3.815366
-34.940720
19.277637
21.888151
-32.531013
-0.803235
37.752041
-18.273594
-23.293812
34.539101
2.610513
-34.137486
21.888151
21.285725
-30.121309
-0.803235
37.350426
-20.080873
-24.699474
32.330204
1.606470
-31.526970
23.293812
23.494621
-31.727779
-2.208896
30.723736
-18.072786
-27.309988
35.141529
0.000000
-36.547188
19.679256
22.088961
-34.940720
-1.004044
34.137486
-20.080873
-22.691387
32.731823
1.405661
-32.129398
23.494621
23.093004
-33.936676
-4.016175
32.330204
-18.876020
-21.888151
35.141529
1.004044
-35.543144
19.880064
20.281681
-32.330204
1.004044
35.141529
-18.876020
-22.691387
30.121309
-0.200809
-35.342335
18.876020
21.285725
-34.338291
-1.606470
34.137486
-18.675213
-21.687344
33.535057
1.405661
-33.334248
21.687344
22.088961
-32.932632
-4.016175
31.125353
-19.880064
-25.703518
33.334248
1.004044
-36.948807
19.679256
20.080873
-33.334248
-2.409705
36.346378
-18.273594
-23.695431
33.735867
0.200809
-35.543144
21.084917
20.281681
-33.133442
-4.016175
34.940720
-21.285725
-25.101091
33.133442
1.004044
-35.342335
22.088961
22.088961
-34.137486
2.008087
34.338291
-18.273594
-22.289768
32.129398
-1.204852
-37.752041
19.076830
21.285725
-32.531013
-0.401617
33.535057
-21.687344
-20.884108
34.940720
2.610513
-30.723736
19.277637
21.486534
-33.133442
0.401617
33.936676
-18.675213
