-6.626688
4.618601
0.000000
0.000000
0.000000
0.000000
0.000000
0.000000
0.000000
0.000000
0.000000
0.000000
0.000000
0.000000
0.000000
0.000000
0.000000
0.000000
0.000000
0.000000
0.000000
0.000000
0.000000
0.000000
0.000000
0.000000
0.000000
0.000000
0.000000
0.000000
0.000000
0.000000
0.000000
0.000000
0.000000
0.000000
0.000000
0.000000
0.000000
0.000000
0.000000
0.000000
0.000000
0.000000
0.000000
0.000000
0.000000
0.000000
0.000000
0.000000
0.000000
0.000000
0.000000
0.000000
0.000000
0.000000
0.000000
0.000000
0.000000
0.000000
0.000000
0.000000
0.000000
0.000000
0.000000
0.000000
0.000000
0.000000
0.000000
0.000000
0.000000
0.000000
0.000000
0.000000
0.000000
0.000000
0.000000
0.000000
0.000000
0.000000
0.000000
0.000000
0.000000
0.000000
0.000000
0.000000
0.000000
0.000000
0.000000
0.000000
0.000000
0.000000
0.000000
0.000000
0.000000
0.000000
0.000000
0.000000
0.000000
0.000000
0.000000
0.000000
0.000000
0.000000
0.000000
0.000000
0.000000
0.000000
0.000000
0.000000
0.000000
0.000000
0.000000
0.000000
0.000000
0.000000
0.000000
0.000000
0.000000
0.000000
0.000000
0.000000
0.000000
0.000000
0.000000
0.000000
0.000000
0.000000
0.000000
0.000000
0.000000
0.000000
0.000000
0.000000
0.000000
0.000000
0.000000
0.000000
0.000000
0.000000
0.000000
0.000000
0.000000
0.000000
0.000000
0.000000
0.000000
0.000000
0.000000
0.000000
0.000000
0.000000
0.000000
0.000000
0.000000
0.000000
0.000000
0.000000
0.000000
0.000000
0.000000
0.000000
0.000000
0.000000
0.000000
0.000000
0.000000
0.000000
0.000000
0.000000
0.000000
0.000000
0.000000
0.000000
0.000000
0.000000
0.000000
0.000000
0.000000
0.000000
0.000000
0.000000
0.000000
0.000000
0.000000
0.000000
0.000000
0.000000
0.000000
0.000000
0.000000
0.000000
0.000000
0.000000
0.000000
0.000000
0.000000
0.000000
0.000000
0.000000
0.000000
0.000000
3.614557
-5.823453
3.212940
3.212940
-7.028306
-2.811322
4.618601
-2.811322
-7.831541
5.221027
1.807279
-7.028306
1.004044
4.216983
-5.421836
-2.208896
10.040437
-2.610513
-5.421836
5.823453
1.405661
-5.421836
4.216983
3.413749
-4.618601
-6.024262
7.831541
-3.212940
-4.819409
7.429923
3.815366
-6.626688
2.610513
2.409705
-7.429923
-6.425879
6.425879
-3.614557
-5.823453
5.823453
-1.807279
-9.638819
-1.004044
4.417792
-5.020218
0.401617
6.827497
-2.610513
-9.839628
3.212940
-1.405661
-8.835584
1.606470
3.614557
-9.638819
-2.811322
4.417792
-3.614557
-6.827497
6.626688
0.803235
-5.020218
2.610513
5.020218
-7.429923
2.409705
9.839628
2.811322
-3.212940
4.819409
-2.208896
-12.048524
2.811322
3.614557
-4.216983
2.008087
5.622644
-4.016175
-6.626688
2.610513
0.000000
-6.626688
1.807279
4.016175
-6.024262
-2.008087
5.823453
-1.405661
-6.225070
5.020218
0.401617
-10.241245
2.409705
4.618601
-5.823453
-1.204852
6.626688
-2.811322
-5.421836
5.020218
-0.803235
-7.831541
4.016175
8.032350
-2.811322
-1.807279
8.032350
-1.606470
-5.622644
7.831541
0.803235
-7.229114
4.417792
4.417792
-5.622644
-5.823453
3.815366
-5.020218
-7.229114
4.417792
3.212940
-7.429923
8.835584
5.823453
-1.405661
-4.417792
3.413749
-5.020218
-10.040437
4.618601
0.000000
-8.433967
3.012131
5.221027
-6.024262
-3.212940
6.425879
-2.008087
-5.622644
9.237202
1.405661
-5.421836
5.221027
7.429923
-3.815366
-2.208896
5.221027
-4.216983
-6.626688
7.630732
1.204852
-6.225070
4.819409
6.425879
-2.610513
1.004044
6.425879
-1.004044
-6.827497
6.425879
-1.204852
-9.638819
0.803235
3.212940
-3.815366
-3.614557
6.024262
-5.221027
-7.831541
6.024262
1.405661
-8.634775
1.004044
2.610513
-8.835584
-2.811322
6.024262
-0.401617
-5.421836
10.241245
2.610513
-9.638819
2.409705
1.004044
-7.028306
-2.610513
5.020218
-4.618601
-8.032350
8.233158
1.204852
-1.807279
3.614557
8.032350
-6.024262
-0.200809
5.823453
-2.811322
-5.823453
9.438010
4.016175
-4.216983
4.819409
3.413749
-7.630732
-2.409705
3.815366
-0.602426
-8.032350
6.225070
-0.602426
-11.044480
-1.606470
1.004044
-8.433967
-2.409705
5.622644
-2.409705
-10.642862
5.221027
-2.008087
-5.421836
3.413749
6.425879
-4.216983
-1.606470
7.229114
-2.208896
-8.433967
6.425879
0.602426
-6.626688
4.417792
6.024262
-5.221027
0.200809
8.233158
-1.405661
-4.819409
6.626688
2.208896
-4.417792
7.229114
9.237202
-1.004044
1.004044
8.032350
-1.606470
-9.036393
6.024262
1.807279
-7.831541
6.225070
5.221027
-5.221027
-4.016175
7.028306
-3.413749
-4.618601
7.831541
2.811322
-7.429923
4.216983
4.618601
-5.421836
0.000000
7.429923
-1.606470
-4.417792
6.024262
1.606470
-8.233158
4.819409
2.409705
-5.221027
-2.811322
6.225070
-3.212940
-6.225070
8.433967
2.208896
-5.221027
7.028306
5.020218
-3.212940
-1.807279
8.634775
-5.020218
-3.212940
7.229114
3.212940
-4.618601
7.229114
6.827497
-1.807279
-0.803235
8.835584
-2.610513
-4.819409
8.032350
1.405661
-6.827497
4.216983
4.618601
-6.425879
-1.606470
7.028306
-4.216983
-3.815366
7.429923
2.208896
-8.233158
3.413749
1.606470
-7.429923
-2.409705
5.421836
-4.216983
-5.020218
8.233158
0.803235
-6.225070
0.401617
4.216983
-7.229114
1.004044
10.241245
0.000000
-2.008087
7.429923
-1.004044
-8.433967
-0.803235
3.815366
-8.835584
0.200809
6.024262
-4.819409
-7.028306
4.819409
-0.803235
-6.024262
1.204852
3.212940
-8.032350
-2.008087
5.622644
-4.819409
-6.626688
8.433967
1.004044
-3.012131
4.819409
6.827497
-2.610513
2.610513
9.237202
0.803235
-7.229114
4.819409
-3.815366
-7.630732
4.016175
6.626688
-1.405661
-0.602426
8.433967
-0.602426
-6.225070
7.028306
-0.200809
-8.233158
0.803235
1.807279
-8.233158
-0.803235
5.823453
-3.614557
-7.429923
4.819409
-1.405661
-6.626688
2.811322
4.216983
-6.626688
0.803235
5.622644
-2.409705
-6.425879
5.421836
-1.204852
-8.634775
4.618601
4.016175
-4.417792
-1.606470
6.225070
-5.622644
-6.425879
3.815366
-0.401617
-7.630732
3.815366
7.028306
-5.020218
-1.807279
4.618601
-5.622644
-10.040437
9.638819
-0.200809
-2.208896
5.622644
5.622644
-5.020218
-5.421836
3.614557
-6.024262
-8.634775
8.835584
0.200809
-5.020218
5.823453
4.417792
-6.225070
-1.004044
6.626688
1.405661
-2.008087
12.851759
4.417792
-8.433967
5.622644
0.401617
-5.421836
-0.401617
11.044480
-2.610513
-3.012131
8.433967
0.000000
-5.421836
4.618601
3.413749
-4.016175
-0.200809
7.028306
-2.008087
-3.413749
6.425879
2.008087
-7.630732
3.212940
4.618601
-5.421836
0.200809
7.831541
-1.405661
-6.225070
7.229114
-1.405661
-8.433967
2.409705
2.008087
-8.835584
-0.401617
7.028306
-1.606470
-5.221027
8.835584
-1.807279
-4.618601
2.208896
5.823453
-5.622644
3.012131
8.233158
-3.012131
-6.425879
2.208896
-1.405661
-7.630732
3.815366
4.819409
-4.618601
-2.610513
7.028306
-2.811322
-5.823453
9.438010
-1.204852
-7.229114
2.409705
4.618601
-4.016175
2.409705
9.438010
0.200809
-3.212940
10.040437
1.606470
-6.024262
5.421836
3.614557
-5.823453
0.401617
8.032350
0.602426
-6.425879
6.827497
-1.204852
-6.827497
7.229114
6.425879
-3.012131
3.212940
10.040437
0.401617
-2.409705
8.433967
-0.602426
-2.409705
8.634775
7.630732
0.401617
3.815366
9.036393
-1.204852
-2.008087
7.429923
2.811322
-1.405661
8.835584
6.626688
-2.008087
5.221027
7.831541
0.602426
-1.405661
8.233158
2.409705
-1.204852
7.630732
4.216983
-3.815366
4.819409
4.417792
1.004044
-3.012131
7.229114
1.004044
-3.815366
9.638819
2.008087
-0.401617
1.004044
6.225070
0.200809
-3.815366
10.442054
-0.803235
-3.012131
7.429923
4.618601
-1.204852
6.425879
7.229114
-0.602426
-0.803235
3.614557
2.008087
-5.221027
7.630732
2.811322
-2.811322
3.212940
6.827497
2.610513
1.004044
9.237202
2.208896
-2.409705
8.032350
4.216983
-1.204852
2.208896
5.421836
-1.807279
-1.606470
5.823453
2.008087
-4.819409
3.212940
2.610513
-5.221027
3.212940
7.831541
-3.212940
-2.008087
4.016175
-4.216983
-6.225070
4.417792
2.008087
-3.212940
6.827497
2.811322
-1.405661
-4.016175
4.016175
-0.200809
-5.823453
4.618601
-1.204852
-5.020218
-3.012131
0.602426
-7.229114
-7.630732
3.212940
-2.811322
-6.827497
2.008087
0.200809
-5.622644
-0.803235
3.413749
-3.413749
-0.602426
6.827497
2.811322
-7.229114
0.602426
-0.803235
-7.429923
2.610513
5.823453
-0.602426
-2.610513
6.024262
-1.807279
-7.028306
2.811322
1.004044
-6.225070
-2.208896
1.004044
-6.626688
-5.823453
5.221027
-0.602426
-8.032350
3.012131
-1.807279
-8.835584
0.602426
2.208896
-2.811322
-5.221027
4.216983
-3.212940
-7.229114
4.216983
-0.200809
-5.020218
-1.004044
4.417792
-2.811322
-4.417792
4.016175
-2.208896
-9.036393
2.409705
2.208896
-8.032350
5.421836
2.409705
-3.012131
-4.216983
3.614557
-3.012131
-3.614557
2.208896
0.000000
-5.221027
0.200809
3.815366
-2.610513
-5.221027
4.618601
-5.622644
-3.815366
2.409705
2.208896
-6.225070
-0.602426
0.803235
-5.020218
-5.221027
4.417792
-2.008087
-3.614557
5.823453
4.216983
-6.024262
4.417792
2.610513
1.405661
-5.823453
5.823453
-4.016175
-6.827497
5.823453
0.401617
-5.221027
1.606470
6.024262
-3.012131
1.004044
6.827497
2.008087
-2.409705
8.032350
1.807279
-2.610513
-0.200809
3.815366
-4.016175
-4.618601
8.032350
-2.208896
-4.216983
4.216983
0.401617
-7.229114
-1.405661
2.409705
-5.421836
-1.004044
9.036393
0.000000
-1.204852
3.413749
1.807279
-3.815366
0.803235
4.618601
-1.405661
-6.626688
8.032350
-4.016175
-5.823453
1.606470
-1.004044
-9.438010
0.200809
2.008087
-1.405661
-1.807279
8.433967
-2.409705
-4.819409
0.401617
-0.401617
-6.827497
-1.004044
5.221027
-4.216983
-1.004044
4.216983
-1.405661
-7.028306
4.417792
0.000000
-4.819409
0.200809
4.618601
-2.208896
-0.803235
6.225070
-0.602426
-6.827497
0.401617
-0.401617
-9.237202
1.807279
2.409705
-2.409705
-5.823453
4.016175
-4.819409
-7.831541
1.004044
-1.004044
-9.036393
-0.200809
0.401617
-5.622644
-5.221027
2.811322
-2.610513
-7.429923
0.401617
-2.409705
-9.638819
-0.200809
1.807279
-4.216983
-6.626688
2.811322
-4.819409
-5.020218
5.622644
3.212940
-4.016175
-1.004044
3.614557
-8.032350
-1.204852
3.212940
-0.200809
-7.429923
2.811322
1.004044
-7.831541
1.204852
3.012131
-5.823453
-3.012131
4.216983
-2.008087
-6.827497
2.610513
0.803235
-5.421836
2.409705
4.216983
-4.016175
-3.815366
6.024262
-2.610513
-2.811322
4.016175
2.811322
-3.815366
2.409705
3.212940
-2.409705
-6.827497
3.413749
-4.417792
-6.626688
4.216983
3.012131
-5.823453
1.204852
3.413749
-2.008087
-3.012131
6.024262
-1.204852
-9.839628
5.221027
-3.212940
-4.618601
-1.807279
3.815366
-4.819409
-3.012131
4.618601
-0.401617
-6.827497
4.417792
0.200809
-7.229114
-0.602426
0.401617
-5.421836
-3.614557
4.016175
1.807279
-8.032350
4.618601
-1.606470
-5.622644
-3.012131
6.225070
-6.626688
-4.618601
5.221027
-5.421836
-5.421836
3.413749
2.409705
-4.216983
2.208896
4.417792
-1.606470
-3.413749
6.626688
-2.409705
-5.421836
1.807279
0.200809
-9.638819
-1.405661
2.208896
-5.421836
-4.618601
6.827497
-3.413749
-3.012131
6.225070
0.803235
-5.823453
2.610513
3.413749
-2.610513
-4.417792
2.208896
-0.401617
-7.630732
6.626688
1.004044
-6.425879
1.405661
3.413749
-1.204852
-2.409705
7.831541
-0.803235
-3.614557
3.815366
2.409705
-4.016175
-0.401617
5.421836
-2.409705
-2.610513
7.229114
-2.409705
-5.622644
5.221027
1.405661
-2.610513
0.401617
3.815366
-3.413749
-2.610513
7.028306
1.606470
-3.212940
7.429923
2.811322
-5.221027
1.606470
2.208896
-4.417792
-3.413749
3.614557
0.200809
-5.221027
9.638819
3.212940
-4.618601
0.401617
2.811322
-3.815366
-1.807279
5.020218
-2.811322
-4.819409
3.815366
2.811322
-3.614557
2.409705
7.429923
-2.008087
-2.008087
4.819409
-2.008087
-5.823453
7.028306
1.606470
-4.618601
0.803235
2.610513
-4.819409
-0.401617
6.024262
1.807279
-4.819409
2.811322
0.200809
-8.233158
1.405661
1.606470
-2.409705
-5.421836
5.823453
-0.803235
-5.823453
4.016175
0.401617
-6.626688
0.200809
6.024262
-3.614557
0.000000
7.429923
-1.004044
-4.417792
3.212940
-2.409705
-5.421836
0.200809
3.815366
-1.606470
-3.012131
8.233158
0.200809
-5.823453
3.614557
-3.614557
-6.225070
0.602426
7.028306
-0.401617
0.803235
8.835584
1.405661
-6.425879
6.626688
1.405661
-4.819409
1.204852
4.618601
-5.622644
-0.200809
4.618601
2.208896
-6.827497
5.421836
-0.200809
-6.225070
1.807279
4.618601
-3.413749
-2.610513
3.212940
-3.614557
-6.024262
1.606470
-1.204852
-7.429923
-1.606470
1.405661
-2.409705
-4.819409
7.630732
-0.200809
-4.216983
5.020218
0.401617
-5.221027
0.602426
7.831541
-3.614557
-1.204852
6.024262
-1.204852
-4.819409
8.233158
4.216983
-2.008087
3.614557
4.417792
-3.614557
-5.622644
2.409705
-2.811322
-4.819409
8.233158
4.819409
-3.012131
3.815366
4.618601
0.000000
-2.008087
5.421836
-0.803235
-5.823453
7.028306
0.602426
-4.417792
-2.208896
1.405661
-4.216983
-3.413749
6.827497
-1.606470
-3.614557
6.225070
2.610513
-1.606470
1.204852
5.020218
-3.413749
-0.602426
8.433967
-0.602426
-5.421836
4.016175
-2.811322
-7.028306
0.803235
1.004044
-4.417792
-1.204852
5.823453
-2.610513
-3.815366
2.610513
0.401617
-5.221027
-1.606470
1.807279
-6.626688
-2.208896
7.429923
3.012131
-2.409705
6.425879
2.208896
-2.811322
3.012131
7.429923
-3.413749
-1.405661
4.417792
-2.008087
-4.016175
5.823453
2.008087
-5.020218
1.004044
2.811322
-5.221027
-0.401617
4.016175
-1.405661
-6.225070
3.815366
0.000000
-6.024262
4.216983
4.618601
-2.409705
1.004044
7.831541
1.405661
-3.614557
4.819409
0.200809
-5.622644
2.811322
5.221027
-3.012131
-2.409705
4.016175
-2.409705
-7.229114
4.618601
-0.401617
-5.622644
1.807279
4.216983
-5.221027
-1.606470
4.216983
-0.803235
-4.016175
5.221027
2.811322
-5.823453
4.819409
1.405661
-4.216983
-3.614557
3.614557
1.004044
-5.823453
5.622644
0.602426
-5.020218
3.413749
7.630732
-1.004044
-2.208896
4.216983
-3.012131
-7.831541
4.016175
0.401617
-6.225070
3.212940
2.409705
-1.606470
-3.413749
5.421836
-0.401617
-6.626688
5.020218
1.004044
-4.216983
1.204852
5.622644
-3.212940
-2.610513
4.618601
-2.811322
-9.036393
2.610513
-2.008087
-8.032350
0.803235
0.401617
-5.020218
-3.413749
6.024262
1.204852
-3.413749
7.229114
-1.405661
-4.016175
-1.606470
3.815366
-5.020218
-0.602426
5.020218
0.000000
-1.807279
6.425879
5.221027
-3.012131
0.401617
2.208896
-4.016175
-3.012131
9.438010
-1.204852
-3.815366
5.622644
0.000000
-4.417792
4.819409
4.216983
-1.606470
-2.008087
6.225070
0.000000
-4.216983
7.429923
2.610513
-4.618601
1.807279
3.012131
-4.016175
-6.024262
5.622644
-4.216983
-6.626688
4.819409
0.200809
-5.221027
0.000000
6.827497
-4.216983
0.803235
7.028306
0.200809
-3.413749
9.036393
2.610513
-0.602426
3.212940
3.614557
-4.016175
-4.016175
6.425879
-0.401617
-3.614557
6.024262
0.602426
-4.216983
4.016175
5.622644
-0.602426
-0.602426
6.827497
0.602426
-4.417792
8.032350
1.606470
-5.020218
2.208896
2.008087
-3.614557
-1.204852
6.024262
-0.803235
-5.823453
3.212940
-0.602426
-6.827497
3.413749
2.610513
-1.807279
-1.606470
5.020218
-1.807279
-5.823453
1.807279
1.606470
-6.425879
0.803235
3.815366
-3.413749
-2.008087
8.835584
-1.606470
-6.024262
5.221027
0.200809
-4.618601
3.815366
3.012131
-4.417792
-4.016175
3.413749
-2.008087
-6.024262
4.819409
0.401617
-6.024262
2.208896
4.417792
-3.815366
-4.216983
1.004044
-6.225070
-8.032350
3.212940
2.409705
-3.212940
4.016175
5.020218
-2.208896
-3.212940
6.225070
1.004044
-3.815366
6.225070
-0.200809
-6.024262
1.606470
1.405661
0.000000
-7.229114
5.823453
-7.028306
-9.839628
5.823453
-1.004044
-2.811322
0.200809
1.204852
-5.622644
-3.212940
5.421836
-4.417792
-6.225070
4.016175
1.606470
-3.614557
1.606470
3.413749
-5.221027
-3.815366
4.216983
-3.413749
-5.020218
7.028306
2.008087
-4.417792
3.212940
2.008087
-0.602426
-2.008087
6.225070
-1.807279
-6.024262
4.016175
-1.405661
-6.024262
-1.606470
3.815366
-6.626688
-3.815366
3.413749
-2.409705
-4.016175
5.823453
0.602426
-7.831541
-2.008087
2.208896
-4.819409
-1.606470
8.032350
-1.405661
-3.815366
7.429923
1.004044
-3.815366
0.602426
4.216983
-5.020218
-0.200809
5.823453
-1.204852
-4.216983
7.831541
1.606470
-2.811322
3.012131
3.212940
-3.413749
-1.606470
5.823453
-0.602426
-6.425879
4.216983
-0.602426
-6.827497
1.204852
4.819409
-6.425879
0.200809
4.417792
-1.004044
-6.626688
3.413749
-0.200809
-5.020218
2.008087
5.622644
-2.008087
-1.606470
6.425879
-2.811322
-7.630732
5.020218
-2.208896
-5.622644
-0.401617
1.004044
-2.811322
-2.208896
5.823453
0.000000
-7.229114
4.618601
0.401617
-5.020218
3.614557
5.622644
-2.208896
-3.614557
5.421836
-3.413749
-6.225070
3.413749
3.212940
-5.421836
3.212940
1.807279
-6.827497
-5.020218
4.618601
0.200809
-6.024262
5.020218
-0.401617
-7.229114
0.602426
2.008087
-5.421836
-5.622644
4.819409
-2.409705
-6.827497
5.020218
-1.405661
-8.433967
0.200809
2.610513
-5.221027
-5.622644
3.413749
-3.815366
-3.815366
7.630732
4.016175
-5.221027
5.020218
5.221027
-1.606470
-1.807279
3.413749
-3.212940
-7.229114
5.622644
1.004044
-6.626688
1.606470
2.008087
-6.626688
-4.618601
4.618601
-3.012131
-3.815366
4.417792
1.807279
-8.634775
2.811322
1.405661
-4.216983
-5.020218
5.020218
-3.012131
-5.622644
3.012131
-1.004044
-7.429923
1.606470
4.618601
-4.417792
0.000000
6.225070
0.803235
-3.815366
5.823453
-2.409705
-7.229114
-2.409705
0.803235
-5.622644
-2.811322
5.622644
-1.606470
-4.417792
6.425879
-0.803235
-4.819409
1.405661
1.807279
-3.614557
-3.212940
7.429923
-1.004044
-2.811322
5.622644
-0.200809
-7.028306
1.405661
2.811322
-3.413749
-1.004044
6.024262
-2.008087
-5.823453
1.204852
3.413749
-8.032350
4.819409
2.409705
-4.819409
-1.004044
6.626688
0.602426
-4.417792
4.216983
0.602426
-7.630732
4.417792
3.815366
-0.602426
1.405661
8.032350
-0.602426
-3.815366
6.024262
1.405661
-2.610513
3.212940
4.016175
-3.012131
-1.405661
5.421836
-0.200809
-6.425879
6.024262
-0.401617
-4.819409
1.204852
5.221027
-2.409705
-1.807279
8.032350
-1.807279
-5.622644
6.827497
1.405661
-4.819409
4.216983
4.216983
-2.610513
-1.807279
6.024262
-1.606470
-3.413749
3.614557
4.016175
-2.409705
6.626688
9.036393
-1.204852
-0.602426
8.032350
-1.405661
-0.803235
8.233158
2.610513
-2.208896
3.614557
2.409705
-3.413749
-1.204852
7.630732
0.803235
-2.811322
6.425879
0.000000
-3.815366
3.012131
4.216983
-1.405661
-1.807279
8.433967
-1.606470
-3.815366
7.630732
4.819409
0.000000
8.233158
6.425879
-1.606470
-1.405661
5.221027
0.401617
-4.618601
7.630732
4.216983
-4.618601
4.417792
2.610513
-1.204852
-2.811322
10.241245
-0.401617
-1.405661
5.622644
3.413749
-6.024262
3.212940
2.610513
-3.413749
-3.012131
6.225070
-0.803235
-6.425879
1.807279
-1.405661
-9.036393
0.602426
3.212940
-3.413749
-1.004044
9.237202
3.413749
2.409705
10.642862
5.421836
-2.610513
1.606470
5.020218
-3.815366
1.204852
7.028306
1.606470
-3.012131
6.024262
4.016175
-6.626688
3.614557
4.016175
-3.012131
-0.602426
10.642862
-0.602426
-3.012131
5.020218
0.602426
-5.020218
3.815366
5.823453
-5.020218
0.200809
6.827497
-1.606470
-4.216983
3.012131
-1.004044
-7.630732
2.610513
3.614557
-4.417792
-2.409705
5.421836
-3.212940
-7.630732
4.819409
-1.606470
-7.229114
2.409705
5.020218
-2.409705
4.016175
8.634775
2.008087
-3.413749
5.823453
0.602426
-5.421836
6.425879
4.618601
-1.004044
-0.803235
3.815366
-0.200809
-5.421836
8.433967
2.610513
-3.012131
3.012131
5.020218
-6.225070
-1.204852
3.212940
-2.208896
-6.024262
4.417792
0.401617
-6.425879
2.811322
1.405661
-3.212940
-3.413749
7.028306
-3.012131
-4.819409
3.212940
-2.811322
-7.831541
0.602426
3.012131
-8.433967
-4.618601
5.020218
-4.618601
-3.413749
5.421836
-4.417792
-5.622644
1.204852
3.012131
-2.409705
0.000000
7.028306
-1.606470
-3.212940
6.626688
-1.405661
-2.409705
2.610513
1.004044
-1.807279
-3.815366
2.409705
-2.610513
-7.028306
6.626688
-2.811322
-4.618601
1.405661
2.008087
-1.807279
-1.004044
6.827497
-1.204852
-3.614557
8.233158
-0.200809
-2.610513
3.212940
3.012131
-3.012131
-0.602426
4.819409
-3.815366
-6.225070
4.016175
-0.200809
-7.028306
4.016175
-0.200809
-4.618601
0.000000
4.216983
-1.405661
-5.221027
6.024262
0.401617
-4.819409
5.421836
2.811322
-1.204852
0.401617
6.425879
-2.208896
-2.409705
9.036393
4.618601
-0.401617
4.618601
1.405661
-5.020218
0.000000
4.216983
0.401617
-4.819409
6.024262
0.602426
-6.024262
1.606470
-1.204852
-7.028306
-6.827497
2.409705
-7.630732
-11.044480
0.200809
-6.024262
-12.249332
-3.815366
-1.807279
-11.446097
-7.630732
0.602426
-5.622644
-12.249332
2.610513
-3.413749
-8.032350
-0.200809
1.405661
-10.040437
-8.634775
2.811322
-8.233158
-9.638819
1.606470
-3.614557
-9.638819
-1.807279
-0.602426
-9.237202
-8.233158
2.208896
-4.618601
-9.839628
6.827497
-3.012131
-7.229114
-3.012131
1.004044
-8.032350
-5.421836
3.614557
-4.016175
-8.032350
6.626688
0.200809
-5.020218
0.200809
4.618601
-7.429923
-3.413749
3.614557
-1.807279
-7.229114
6.024262
0.000000
-9.638819
-2.610513
1.204852
-6.827497
-7.229114
6.626688
-4.016175
-7.028306
7.028306
-0.602426
-8.032350
-0.200809
1.405661
-5.622644
-5.421836
4.417792
-3.815366
-10.642862
4.216983
-2.208896
-8.634775
-2.409705
1.204852
-10.843672
-3.413749
4.618601
0.803235
-5.221027
5.421836
1.204852
-6.626688
0.803235
6.225070
-6.626688
-2.208896
7.028306
0.000000
-5.622644
5.622644
2.409705
-5.421836
3.413749
7.229114
-7.028306
-2.811322
5.823453
-0.200809
-7.028306
7.229114
2.811322
-5.020218
4.417792
5.020218
-4.618601
-2.208896
9.839628
2.811322
-5.221027
4.618601
-0.803235
-8.634775
5.221027
9.036393
-1.405661
0.200809
9.438010
2.610513
-2.610513
9.036393
1.405661
-6.827497
0.602426
3.815366
-7.831541
-4.417792
7.630732
0.000000
-2.811322
9.237202
1.807279
-6.225070
1.807279
3.413749
-5.421836
-3.413749
4.216983
-0.803235
-7.429923
5.020218
4.417792
-9.638819
4.016175
2.409705
-4.016175
-3.212940
6.225070
0.602426
-8.032350
7.229114
1.405661
-5.622644
0.200809
7.630732
-5.622644
-4.417792
6.626688
-4.417792
-8.634775
8.032350
3.614557
-4.417792
2.811322
4.016175
-5.020218
-5.020218
7.630732
-1.405661
-5.221027
8.433967
5.020218
-4.819409
3.212940
5.221027
-3.413749
-3.614557
8.634775
-3.413749
-8.032350
4.216983
1.606470
-5.421836
2.811322
7.630732
-3.614557
-4.216983
6.024262
-1.807279
-6.225070
6.827497
2.811322
-8.233158
-0.401617
5.823453
-3.614557
0.200809
9.839628
0.803235
-5.221027
8.433967
3.614557
-3.413749
4.819409
6.225070
-3.815366
-2.409705
6.425879
-0.602426
-6.626688
9.438010
1.606470
-3.413749
2.008087
6.225070
-3.815366
-0.602426
6.024262
1.807279
-10.040437
9.438010
0.803235
-3.614557
2.811322
8.233158
-2.610513
-0.200809
6.225070
1.606470
-6.024262
10.241245
5.823453
-5.020218
4.216983
5.622644
-4.618601
-2.208896
8.835584
0.401617
-3.413749
8.032350
2.208896
-6.425879
-0.200809
6.827497
-5.020218
-0.602426
4.216983
-2.208896
-8.032350
6.827497
5.221027
-4.618601
3.413749
6.425879
-6.827497
-3.012131
7.028306
0.401617
-4.016175
11.446097
2.208896
-6.225070
2.409705
5.221027
-4.216983
0.803235
9.036393
-0.602426
-4.216983
4.618601
2.811322
-6.225070
2.409705
7.028306
-3.212940
-0.803235
9.237202
0.000000
-5.823453
10.040437
-0.803235
-6.024262
-1.004044
5.020218
-6.827497
1.004044
9.438010
0.602426
-2.811322
6.225070
4.417792
-4.417792
4.216983
6.827497
-4.417792
-5.421836
8.032350
-1.405661
-5.823453
6.626688
3.815366
-7.831541
5.622644
4.417792
-5.020218
-2.811322
5.221027
-0.200809
-4.216983
4.216983
3.012131
-9.237202
4.216983
5.421836
-2.208896
-1.204852
8.433967
-0.602426
-3.614557
9.638819
2.610513
-5.823453
-0.200809
3.614557
-8.433967
-3.212940
4.016175
-2.409705
-8.433967
8.233158
0.602426
-4.016175
2.008087
5.421836
-5.020218
-3.413749
3.815366
-2.409705
-8.634775
5.622644
3.012131
-6.425879
3.413749
5.823453
-3.413749
-3.212940
7.630732
-2.208896
-6.024262
5.020218
1.405661
-8.433967
3.212940
3.614557
-4.016175
-2.610513
8.032350
-0.200809
-3.815366
7.831541
1.606470
-4.819409
1.004044
6.626688
-7.630732
-3.012131
5.020218
-2.811322
-5.020218
8.233158
3.614557
-5.020218
3.413749
7.429923
-4.016175
2.610513
7.229114
1.807279
-5.421836
7.229114
4.417792
-4.016175
4.618601
8.835584
-2.208896
-0.200809
8.032350
-1.807279
-9.438010
5.622644
0.200809
-7.630732
1.004044
6.626688
-5.020218
0.803235
8.835584
0.602426
-7.630732
4.417792
1.606470
-7.630732
2.811322
7.831541
-4.417792
-4.216983
7.630732
-1.204852
-7.028306
7.630732
1.606470
-4.417792
3.614557
8.835584
-6.425879
-4.417792
5.823453
-1.807279
-3.012131
9.036393
3.815366
-6.024262
2.811322
2.610513
-3.614557
-5.823453
8.835584
-2.610513
-7.831541
5.823453
2.208896
-8.634775
4.618601
5.221027
-4.216983
-2.208896
7.229114
-2.008087
-4.016175
9.638819
3.815366
-7.028306
1.004044
4.618601
-4.417792
-0.602426
9.036393
-1.004044
-6.225070
7.229114
1.204852
-5.221027
4.819409
5.823453
-5.421836
-1.807279
4.618601
-2.610513
-6.827497
3.614557
1.807279
-9.438010
2.811322
5.421836
-4.417792
-1.204852
7.028306
-1.405661
-6.225070
6.225070
2.208896
-7.831541
2.610513
3.614557
-2.610513
-5.020218
7.028306
-2.008087
-9.036393
6.225070
1.004044
-6.225070
3.212940
8.634775
-3.012131
-2.811322
7.429923
-2.208896
-6.024262
6.626688
1.405661
-7.630732
0.803235
6.626688
-7.028306
-4.618601
5.823453
-1.204852
-7.229114
8.032350
2.610513
-8.634775
7.229114
5.421836
-2.008087
-4.216983
4.819409
-5.421836
-10.442054
6.225070
2.409705
-6.225070
3.212940
4.216983
-7.429923
-0.401617
8.032350
-0.401617
-3.614557
4.216983
1.606470
-7.028306
3.815366
4.618601
-5.020218
