-37.551231
0.602426
0.000000
0.000000
0.000000
0.000000
0.000000
0.000000
0.000000
0.000000
0.000000
0.000000
0.000000
0.000000
0.000000
0.000000
0.000000
0.000000
0.000000
0.000000
0.000000
0.000000
0.000000
0.000000
0.000000
0.000000
0.000000
0.000000
0.000000
0.000000
0.000000
0.000000
0.000000
0.000000
0.000000
0.000000
0.000000
0.000000
0.000000
0.000000
0.000000
0.000000
0.000000
0.000000
0.000000
0.000000
0.000000
0.000000
0.000000
0.000000
0.000000
0.000000
0.000000
0.000000
0.000000
0.000000
0.000000
0.000000
0.000000
0.000000
0.000000
0.000000
0.000000
0.000000
0.000000
0.000000
0.000000
0.000000
0.000000
0.000000
0.000000
0.000000
0.000000
0.000000
0.000000
0.000000
0.000000
0.000000
0.000000
0.000000
0.000000
0.000000
0.000000
0.000000
0.000000
0.000000
0.000000
0.000000
0.000000
0.000000
0.000000
0.000000
0.000000
0.000000
0.000000
0.000000
0.000000
0.000000
0.000000
0.000000
0.000000
0.000000
0.000000
0.000000
0.000000
0.000000
0.000000
0.000000
0.000000
0.000000
0.000000
0.000000
0.000000
0.000000
0.000000
0.000000
0.000000
0.000000
0.000000
0.000000
0.000000
0.000000
0.000000
0.000000
0.000000
0.000000
0.000000
0.000000
0.000000
0.000000
0.000000
0.000000
0.000000
0.000000
0.000000
0.000000
0.000000
0.000000
0.000000
0.000000
0.000000
0.000000
0.000000
0.000000
0.000000
0.000000
0.000000
0.000000
0.000000
0.000000
0.000000
0.000000
0.000000
0.000000
0.000000
0.000000
0.000000
0.000000
0.000000
0.000000
0.000000
0.000000
0.000000
0.000000
0.000000
0.000000
0.000000
0.000000
0.000000
0.000000
0.000000
0.000000
0.000000
0.000000
0.000000
0.000000
0.000000
0.000000
0.000000
0.000000
0.000000
0.000000
0.000000
0.000000
0.000000
0.000000
0.000000
0.000000
0.000000
0.000000
0.000000
0.000000
0.000000
0.000000
0.000000
0.000000
0.000000
0.000000
0.000000
0.000000
0.000000
0.000000
19.076830
-31.125353
-11.646906
22.490578
-19.277637
-30.121309
16.265507
-1.405661
-38.354469
4.016175
17.269550
-32.330204
-13.454185
23.093004
-17.470360
-29.117266
22.088961
1.004044
-35.743954
5.622644
17.671167
-31.526970
-11.044480
23.093004
-17.871977
-31.727779
20.683300
-0.401617
-34.338291
7.429923
19.679256
-31.526970
-11.245289
22.289768
-18.474403
-31.326162
19.880064
-0.602426
-35.944763
5.020218
14.056611
-35.342335
-14.659038
23.695431
-16.867933
-25.101091
20.683300
0.200809
-39.157703
3.212940
14.257420
-34.338291
-13.253376
22.490578
-22.289768
-28.314032
17.470360
0.602426
-36.948807
6.626688
16.466316
-31.526970
-12.249332
23.695431
-19.478447
-25.101091
23.494621
4.016175
-33.735867
5.823453
13.654994
-35.743954
-12.450141
23.494621
-17.470360
-23.695431
19.076830
-0.401617
-36.747997
2.811322
15.863890
-33.133442
-12.650950
23.695431
-19.076830
-26.506752
20.281681
1.606470
-35.141529
5.421836
16.064699
-34.940720
-11.245289
24.498665
-18.273594
-26.305944
19.679256
0.000000
-36.145573
5.823453
14.458228
-33.133442
-11.044480
27.309988
-15.863890
-26.707561
22.088961
1.204852
-35.342335
8.233158
16.466316
-32.531013
-9.638819
23.695431
-18.072786
-31.526970
18.273594
-2.208896
-36.547188
6.225070
18.876020
-32.932632
-7.229114
24.699474
-15.462273
-28.916456
18.675213
-2.208896
-38.756084
6.024262
16.466316
-32.531013
-11.446097
25.101091
-20.281681
-28.715649
20.482491
0.000000
-35.743954
9.638819
16.265507
-30.121309
-8.835584
27.711605
-18.072786
-26.707561
19.076830
-0.602426
-35.543144
9.036393
17.068743
-31.526970
-9.036393
26.908369
-16.064699
-24.297857
20.884108
1.204852
-35.342335
8.835584
14.458228
-34.137486
-12.249332
23.093004
-16.867933
-28.514839
19.880064
-2.610513
-37.350426
7.831541
16.466316
-34.137486
-11.044480
22.289768
-20.884108
-28.113222
19.679256
1.405661
-35.543144
11.245289
17.871977
-35.543144
-11.044480
21.285725
-20.683300
-27.109179
19.880064
-2.208896
-36.747997
10.241245
16.867933
-27.309988
-9.438010
27.912413
-18.474403
-24.498665
20.482491
0.602426
-34.940720
11.646906
20.683300
-29.518883
-8.233158
23.896238
-21.285725
-27.309988
18.876020
0.803235
-36.948807
8.032350
14.659038
-36.145573
-14.056611
21.486534
-21.486534
-25.703518
20.884108
0.200809
-38.756084
7.429923
13.454185
-31.125353
-9.638819
26.908369
-17.671167
-25.904325
22.088961
-0.401617
-36.747997
8.835584
16.667124
-31.326162
-7.630732
26.105135
-18.273594
-23.896238
23.494621
0.803235
-33.936676
8.233158
17.470360
-30.121309
-5.622644
29.719692
-15.462273
-22.691387
22.691387
1.405661
-37.551231
9.438010
17.871977
-31.928589
-4.819409
25.703518
-17.871977
-27.912413
21.687344
-1.405661
-34.137486
9.438010
17.470360
-32.330204
-8.233158
25.301901
-19.277637
-25.101091
22.088961
0.000000
-34.137486
8.835584
16.265507
-33.334248
-7.429923
22.691387
-18.072786
-26.707561
22.289768
-1.606470
-34.940720
9.839628
17.068743
-31.526970
-5.622644
24.699474
-17.269550
-26.305944
23.695431
-3.815366
-31.928589
10.241245
18.474403
-28.715649
-6.024262
27.309988
-16.265507
-24.498665
23.896238
-0.401617
-33.334248
11.044480
17.671167
-31.125353
-6.827497
25.904325
-19.880064
-25.703518
22.289768
-2.610513
-32.731823
9.839628
17.470360
-34.338291
-8.032350
22.289768
-21.285725
-25.101091
20.683300
-1.606470
-33.535057
11.446097
16.064699
-31.326162
-11.446097
24.699474
-22.088961
-22.892195
24.699474
2.409705
-30.522926
10.642862
14.859846
-34.539101
-12.048524
24.699474
-22.289768
-23.494621
21.888151
-4.016175
-35.543144
7.028306
14.659038
-31.928589
-10.642862
23.896238
-22.289768
-26.105135
21.084917
-4.016175
-35.743954
10.241245
15.863890
-29.719692
-7.429923
27.309988
-17.470360
-21.285725
25.301901
1.807279
-36.145573
7.831541
10.642862
-33.936676
-7.630732
27.309988
-15.863890
-22.490578
25.703518
1.204852
-34.539101
10.241245
14.659038
-33.535057
-9.839628
22.691387
-22.289768
-24.699474
21.084917
-1.606470
-35.543144
9.036393
15.060655
-32.129398
-7.831541
25.502708
-20.884108
-22.892195
21.687344
-1.405661
-34.338291
8.835584
14.458228
-33.535057
-6.024262
25.904325
-19.478447
-24.097048
22.088961
-3.815366
-34.940720
7.630732
15.060655
-32.932632
-7.630732
28.113222
-19.880064
-24.498665
21.486534
-5.020218
-37.952850
12.650950
14.859846
-28.113222
-5.622644
26.305944
-19.679256
-28.113222
20.281681
-4.016175
-36.747997
12.851759
15.462273
-30.924545
-5.020218
25.502708
-20.281681
-23.293812
23.695431
2.811322
-29.920502
17.068743
19.679256
-33.535057
-4.016175
21.687344
-18.273594
-23.093004
28.715649
-1.606470
-30.522926
12.851759
15.462273
-30.522926
-4.618601
24.900282
-18.072786
-22.490578
23.494621
-1.606470
-30.924545
11.646906
17.671167
-31.125353
-7.429923
25.904325
-19.679256
-23.695431
24.900282
-1.606470
-34.137486
12.650950
14.659038
-33.334248
-7.630732
22.892195
-22.088961
-24.097048
23.896238
-1.606470
-33.936676
13.253376
13.454185
-29.518883
-7.028306
27.309988
-19.076830
-20.080873
24.297857
-2.811322
-34.739910
7.429923
14.257420
-32.731823
-5.823453
25.904325
-19.076830
-24.900282
23.896238
-2.610513
-34.739910
12.650950
13.253376
-33.535057
-7.429923
26.305944
-19.478447
-19.277637
26.707561
1.204852
-31.727779
14.056611
16.064699
-32.330204
-4.819409
24.900282
-20.884108
-21.888151
24.699474
2.610513
-34.739910
12.048524
14.257420
-33.334248
-5.622644
27.510796
-18.675213
-21.486534
26.707561
0.401617
-33.535057
12.048524
14.458228
-30.723736
-6.225070
28.113222
-18.474403
-21.888151
25.904325
-2.008087
-33.936676
10.241245
17.671167
-31.326162
-5.221027
27.711605
-21.084917
-21.888151
24.498665
-0.602426
-35.141529
11.446097
17.269550
-31.326162
-5.020218
26.908369
-22.691387
-23.093004
20.683300
0.000000
-36.547188
11.646906
16.265507
-34.137486
-4.216983
24.498665
-19.679256
-25.301901
24.498665
0.602426
-36.145573
15.261463
14.859846
-33.133442
-4.819409
27.309988
-18.273594
-20.080873
25.904325
-0.602426
-32.932632
9.438010
18.474403
-34.338291
-4.216983
26.305944
-20.683300
-22.892195
24.498665
2.409705
-31.727779
15.663081
18.675213
-31.125353
-3.413749
28.314032
-18.876020
-23.293812
24.097048
-0.803235
-33.133442
12.048524
18.876020
-33.535057
-6.024262
27.711605
-19.679256
-21.687344
27.711605
-2.811322
-33.535057
11.044480
13.654994
-34.137486
-5.421836
26.506752
-18.876020
-18.474403
23.093004
-0.401617
-35.141529
11.245289
16.466316
-34.137486
-5.622644
23.293812
-22.088961
-26.305944
21.084917
-4.216983
-36.747997
11.044480
14.859846
-34.338291
-8.233158
25.101091
-21.888151
-24.097048
24.097048
-1.405661
-32.932632
12.650950
18.273594
-35.743954
-7.831541
24.699474
-22.490578
-21.084917
26.305944
0.803235
-33.133442
13.855803
15.663081
-33.535057
-6.225070
26.305944
-21.084917
-24.900282
22.892195
-4.417792
-35.743954
12.650950
17.068743
-34.739910
-5.221027
23.695431
-23.896238
-22.892195
23.494621
-2.008087
-34.539101
12.650950
15.060655
-33.535057
-4.216983
25.502708
-20.884108
-23.494621
24.900282
-0.602426
-33.936676
12.851759
16.466316
-34.739910
-4.819409
28.314032
-21.888151
-19.679256
23.494621
-3.012131
-34.739910
11.646906
14.659038
-31.125353
-5.823453
25.904325
-20.482491
-21.687344
25.101091
1.606470
-34.940720
13.654994
12.249332
-31.526970
-5.823453
27.912413
-20.482491
-23.293812
22.490578
-3.212940
-34.539101
12.249332
16.466316
-31.125353
-3.815366
29.719692
-22.088961
-19.880064
23.494621
1.405661
-34.338291
14.257420
15.060655
-33.535057
-3.815366
25.301901
-21.084917
-20.281681
27.510796
-0.401617
-29.117266
13.654994
19.880064
-28.715649
-0.602426
27.711605
-18.474403
-22.691387
26.305944
-1.606470
-33.334248
16.064699
16.466316
-30.924545
-4.016175
26.506752
-22.691387
-22.691387
24.498665
-2.610513
-30.522926
16.667124
17.269550
-29.117266
-6.024262
26.908369
-20.281681
-21.888151
26.105135
-0.401617
-35.543144
16.667124
13.855803
-32.330204
-6.827497
24.097048
-25.301901
-22.490578
23.494621
-0.803235
-31.326162
15.863890
14.458228
-32.531013
-8.032350
24.297857
-23.093004
-23.494621
25.904325
-2.208896
-30.322119
12.450141
16.667124
-34.739910
-4.417792
25.101091
-22.088961
-23.093004
25.101091
-1.807279
-29.719692
15.060655
17.470360
-33.133442
-7.028306
25.301901
-23.695431
-21.888151
24.699474
-1.606470
-33.735867
13.052567
13.052567
-36.145573
-8.835584
23.293812
-25.502708
-22.289768
22.088961
-3.815366
-35.543144
11.646906
14.056611
-34.739910
-7.028306
22.892195
-24.699474
-23.293812
23.494621
-4.016175
-35.543144
12.249332
13.253376
-31.326162
-2.208896
28.314032
-20.683300
-20.884108
25.101091
-5.221027
-31.125353
10.442054
16.667124
-34.739910
-4.819409
26.506752
-23.494621
-21.888151
24.498665
-5.221027
-33.334248
12.650950
14.458228
-34.338291
-5.421836
25.703518
-21.084917
-20.884108
25.904325
-3.413749
-34.338291
14.056611
13.855803
-31.125353
-4.417792
27.912413
-20.683300
-20.080873
24.699474
-1.405661
-36.145573
13.855803
13.253376
-32.932632
-3.614557
28.113222
-22.289768
-20.482491
24.699474
-1.004044
-32.330204
16.265507
16.466316
-35.543144
-1.004044
22.490578
-19.679256
-24.297857
25.703518
-4.016175
-32.731823
13.654994
16.466316
-34.739910
-3.212940
25.101091
-23.695431
-22.691387
22.289768
-4.618601
-32.932632
13.654994
18.675213
-35.141529
-3.815366
22.289768
-22.892195
-23.896238
27.711605
-4.216983
-33.535057
14.458228
12.249332
-32.932632
-6.024262
27.309988
-23.093004
-20.080873
26.105135
-2.208896
-34.137486
14.859846
12.650950
-33.334248
-4.819409
24.498665
-25.904325
-23.494621
22.892195
-5.020218
-34.739910
15.462273
13.654994
-30.723736
-1.606470
25.502708
-22.490578
-20.080873
25.101091
-2.610513
-34.338291
12.249332
16.064699
-35.543144
-1.405661
25.502708
-22.289768
-20.080873
25.703518
-1.606470
-33.133442
16.265507
14.859846
-30.924545
-3.614557
27.109179
-20.683300
-22.490578
27.109179
-3.012131
-33.133442
15.261463
12.650950
-33.334248
-2.409705
26.105135
-20.482491
-21.084917
24.699474
-3.012131
-31.928589
17.470360
17.671167
-31.125353
-0.200809
26.707561
-20.884108
-20.281681
24.498665
-4.819409
-32.731823
13.454185
17.470360
-32.932632
0.803235
27.711605
-22.691387
-21.486534
24.900282
-3.614557
-30.723736
16.265507
14.458228
-30.924545
-2.811322
28.113222
-19.679256
-18.876020
30.121309
-2.610513
-31.526970
13.855803
13.654994
-33.535057
-0.803235
25.904325
-21.084917
-21.687344
25.301901
-5.421836
-29.920502
15.462273
18.072786
-32.129398
-3.614557
25.502708
-25.101091
-20.683300
23.494621
-3.012131
-34.539101
15.663081
15.261463
-33.535057
-2.811322
25.904325
-22.892195
-20.281681
28.314032
-2.610513
-28.916456
17.470360
15.261463
-31.928589
-4.016175
23.093004
-22.892195
-22.289768
25.703518
-2.208896
-31.928589
18.675213
16.667124
-33.535057
-3.614557
21.285725
-23.695431
-19.478447
29.920502
0.803235
-28.916456
17.871977
16.867933
-34.137486
-0.200809
26.707561
-21.687344
-20.683300
26.908369
-7.229114
-30.522926
13.654994
17.671167
-34.739910
-2.008087
24.297857
-23.093004
-20.884108
27.109179
-5.020218
-32.531013
13.253376
11.646906
-34.739910
-4.819409
22.892195
-24.699474
-23.293812
23.695431
-3.815366
-32.731823
18.675213
16.466316
-30.924545
-2.208896
25.101091
-23.293812
-21.084917
29.920502
-4.216983
-30.522926
15.863890
14.659038
-33.133442
1.606470
29.117266
-18.675213
-17.269550
27.510796
-5.221027
-33.936676
12.650950
13.454185
-32.731823
0.602426
28.514839
-21.888151
-18.072786
26.506752
-1.204852
-31.526970
16.265507
15.060655
-32.531013
1.004044
25.502708
-22.691387
-22.289768
23.695431
-4.618601
-31.526970
17.269550
14.257420
-31.727779
-1.004044
26.908369
-19.076830
-20.683300
27.912413
-5.020218
-29.719692
19.478447
15.261463
-33.133442
-2.409705
22.088961
-24.297857
-20.683300
23.695431
-6.225070
-30.924545
15.663081
12.249332
-32.129398
-5.020218
24.900282
-23.293812
-21.687344
24.297857
-6.827497
-31.928589
17.871977
17.871977
-29.518883
1.204852
27.711605
-19.679256
-16.667124
29.920502
-3.012131
-30.121309
15.462273
13.855803
-32.731823
-0.200809
26.707561
-23.093004
-20.281681
25.101091
-6.425879
-30.121309
14.659038
13.654994
-34.137486
-0.803235
26.105135
-22.289768
-17.068743
27.309988
-3.815366
-27.912413
18.876020
17.871977
-31.326162
-0.803235
25.502708
-24.900282
-17.470360
26.908369
-3.413749
-30.723736
15.462273
12.851759
-35.543144
-1.606470
24.297857
-23.494621
-19.679256
26.506752
-6.626688
-31.326162
16.466316
14.056611
-31.928589
-1.004044
27.109179
-23.093004
-16.265507
25.301901
-5.823453
-30.522926
15.060655
17.470360
-32.129398
0.401617
25.502708
-22.289768
-18.876020
30.121309
-3.413749
-30.522926
15.663081
12.650950
-35.141529
-0.602426
25.904325
-22.892195
-17.671167
25.301901
-2.811322
-32.531013
17.269550
14.659038
-34.338291
0.602426
25.904325
-21.285725
-19.478447
28.514839
-6.024262
-30.723736
15.462273
12.650950
-36.948807
-3.614557
22.088961
-26.707561
-18.876020
23.293812
-6.225070
-33.133442
16.466316
15.261463
-31.727779
1.004044
23.494621
-22.691387
-20.683300
26.908369
-5.622644
-29.117266
16.265507
15.462273
-30.723736
1.004044
29.318075
-21.285725
-18.474403
24.900282
-4.216983
-32.731823
20.683300
13.654994
-32.531013
0.602426
24.498665
-22.088961
-16.466316
27.109179
-4.417792
-30.522926
18.072786
15.261463
-30.924545
2.008087
27.711605
-22.490578
-17.871977
26.707561
-6.024262
-33.936676
17.470360
11.446097
-33.735867
-0.602426
24.900282
-23.896238
-18.474403
29.719692
-3.212940
-28.113222
19.277637
14.659038
-32.330204
2.409705
27.109179
-20.080873
-16.265507
27.510796
-6.626688
-31.526970
17.871977
15.060655
-31.526970
0.401617
25.101091
-23.293812
-15.663081
29.117266
-3.012131
-29.117266
18.072786
15.462273
-33.334248
1.807279
25.301901
-25.101091
-18.273594
25.301901
-5.823453
-29.117266
18.072786
14.458228
-33.535057
-0.803235
24.699474
-23.896238
-16.265507
26.105135
-4.417792
-30.121309
17.068743
13.454185
-32.932632
-1.405661
26.908369
-23.494621
-17.671167
27.109179
-4.819409
-29.518883
21.084917
13.253376
-33.735867
0.602426
24.699474
-22.289768
-14.859846
26.305944
-5.823453
-32.731823
15.462273
11.847715
-33.334248
0.803235
25.703518
-23.093004
-17.470360
27.309988
-5.823453
-32.531013
13.855803
9.237202
-36.145573
-0.602426
27.109179
-21.687344
-15.663081
28.514839
-4.819409
-30.121309
18.474403
16.064699
-31.727779
2.008087
24.900282
-23.695431
-18.474403
25.101091
-3.012131
-35.141529
18.876020
8.032350
-37.551231
0.200809
23.293812
-22.289768
-18.675213
24.498665
-7.630732
-31.526970
17.671167
10.442054
-33.133442
0.602426
26.506752
-22.088961
-17.671167
26.105135
-7.831541
-31.526970
16.064699
12.048524
-33.334248
1.606470
26.105135
-23.695431
-16.867933
26.105135
-4.216983
-31.326162
18.273594
12.048524
-34.137486
0.602426
23.494621
-24.297857
-21.285725
27.109179
-9.237202
-31.326162
17.068743
12.450141
-31.125353
2.008087
25.502708
-26.305944
-20.281681
26.105135
-6.827497
-28.715649
20.281681
13.855803
-31.326162
2.811322
26.305944
-22.691387
-17.671167
28.314032
-6.827497
-28.916456
18.072786
13.654994
-31.727779
4.016175
26.908369
-22.088961
-16.265507
26.908369
-6.024262
-29.719692
17.871977
13.855803
-34.338291
0.200809
24.297857
-25.904325
-16.867933
29.117266
-8.233158
-27.109179
17.671167
12.851759
-34.940720
0.200809
24.097048
-22.691387
-15.863890
30.121309
-4.216983
-28.916456
19.679256
12.450141
-34.539101
2.409705
22.691387
-24.699474
-19.277637
24.297857
-5.421836
-31.326162
18.675213
13.454185
-34.539101
1.807279
25.904325
-23.293812
-15.462273
29.117266
-5.421836
-30.924545
19.277637
10.843672
-33.936676
0.200809
27.109179
-23.896238
-14.859846
25.502708
-8.634775
-33.334248
18.675213
14.257420
-33.535057
1.807279
23.494621
-27.309988
-18.675213
25.703518
-9.036393
-33.133442
17.470360
11.245289
-33.735867
2.409705
23.494621
-26.707561
-19.679256
27.309988
-9.438010
-31.928589
16.265507
10.642862
-31.727779
4.216983
28.314032
-23.896238
-15.060655
29.117266
-6.225070
-29.117266
16.667124
11.044480
-34.940720
1.807279
25.703518
-26.105135
-16.466316
26.506752
-10.241245
-32.129398
16.867933
10.642862
-31.125353
2.208896
27.109179
-25.301901
-16.667124
25.502708
-8.233158
-33.936676
17.269550
11.044480
-34.338291
0.401617
23.293812
-27.309988
-17.269550
27.510796
-8.032350
-28.514839
18.876020
14.257420
-31.727779
3.815366
22.691387
-25.101091
-20.683300
25.301901
-9.237202
-31.125353
18.273594
11.044480
-33.133442
3.614557
23.695431
-24.900282
-17.269550
24.900282
-7.831541
-30.522926
19.880064
13.052567
-31.125353
3.012131
24.297857
-25.703518
-17.470360
26.908369
-7.429923
-29.318075
19.277637
11.446097
-33.334248
-0.803235
28.715649
-26.707561
-13.654994
26.908369
-8.233158
-27.711605
19.880064
14.859846
-33.334248
1.405661
24.900282
-26.707561
-14.458228
28.514839
-4.417792
-26.105135
22.088961
13.253376
-32.531013
2.811322
25.301901
-22.490578
-14.659038
28.113222
-6.425879
-29.318075
18.876020
13.654994
-34.739910
3.815366
23.695431
-23.896238
-16.064699
29.518883
-5.221027
-28.916456
21.687344
12.048524
-33.936676
3.212940
25.703518
-25.703518
-13.654994
28.113222
-5.622644
-28.314032
20.281681
12.450141
-31.526970
1.606470
28.314032
-22.088961
-10.843672
32.932632
-5.823453
-29.518883
20.080873
9.839628
-29.920502
4.618601
26.506752
-22.490578
-13.654994
26.506752
-5.823453
-28.916456
22.691387
14.859846
-30.522926
4.016175
24.900282
-23.293812
-14.458228
28.715649
-4.216983
-30.322119
22.289768
11.646906
-32.531013
6.024262
29.719692
-20.281681
-9.036393
30.121309
-5.020218
-28.916456
19.478447
13.654994
-32.330204
6.024262
28.715649
-23.093004
-12.650950
28.113222
-4.618601
-29.719692
24.900282
12.650950
-29.117266
3.614557
28.113222
-23.896238
-13.855803
28.314032
-6.425879
-31.326162
19.880064
12.249332
-34.940720
1.606470
24.097048
-27.510796
-17.470360
27.711605
-8.835584
-28.113222
22.691387
16.867933
-25.703518
8.634775
29.318075
-22.691387
-15.060655
29.719692
-6.827497
-26.105135
21.285725
14.458228
-30.924545
4.016175
28.314032
-26.506752
-14.859846
28.113222
-7.831541
-27.912413
24.297857
13.253376
-31.526970
3.012131
25.101091
-24.297857
-12.650950
31.326162
-8.835584
-27.309988
20.884108
11.446097
-32.129398
1.807279
23.494621
-27.309988
-15.060655
28.514839
-8.835584
-27.912413
20.482491
11.245289
-35.342335
3.012131
22.088961
-27.309988
-15.261463
29.117266
-7.429923
-24.498665
21.888151
14.859846
-32.531013
4.417792
25.101091
-25.904325
-11.044480
29.518883
-5.823453
-27.309988
18.876020
12.249332
-34.338291
5.622644
26.105135
-22.691387
-14.257420
29.318075
-10.040437
-28.916456
19.076830
10.442054
-34.539101
4.016175
25.101091
-25.101091
-13.855803
26.506752
-8.433967
-31.326162
21.084917
9.237202
-33.735867
2.208896
21.486534
-27.711605
-17.068743
28.314032
-13.855803
-32.531013
19.880064
7.630732
-32.932632
4.016175
20.482491
-26.105135
-16.064699
29.318075
-8.634775
-29.518883
21.687344
10.241245
-34.338291
5.421836
21.687344
-25.502708
-14.056611
27.309988
-7.831541
-31.727779
18.072786
9.438010
-36.747997
6.626688
21.486534
-27.309988
-16.265507
26.908369
-9.638819
-28.514839
22.088961
11.044480
-33.936676
6.827497
23.293812
-26.105135
-13.855803
28.314032
-9.638819
-29.318075
20.080873
7.831541
-36.145573
4.618601
24.699474
-28.916456
-13.052567
25.301901
-11.044480
-28.314032
20.281681
9.237202
-34.739910
6.827497
26.305944
-25.502708
-11.446097
28.715649
-7.831541
-26.707561
24.498665
10.040437
-31.727779
8.433967
29.518883
-21.888151
-9.237202
28.715649
-9.638819
-26.105135
21.084917
13.454185
-33.133442
7.630732
25.301901
-27.109179
-14.056611
24.498665
-13.052567
-28.514839
21.285725
8.032350
-33.735867
3.212940
20.281681
-27.912413
-16.064699
24.900282
-13.855803
-29.318075
18.273594
8.835584
-35.743954
5.221027
21.687344
-24.900282
-13.052567
27.109179
-12.249332
-30.723736
20.281681
5.020218
-33.133442
4.016175
21.486534
-25.904325
-13.454185
25.301901
-11.847715
-29.117266
18.876020
9.438010
-33.334248
8.634775
21.486534
-24.699474
-15.060655
26.506752
-10.442054
-28.314032
19.277637
8.233158
-32.932632
8.233158
24.498665
-22.490578
-12.450141
29.719692
-10.642862
-25.703518
19.880064
10.442054
-32.330204
7.429923
22.892195
-26.707561
-15.663081
25.904325
-11.044480
-29.117266
22.691387
7.630732
-31.326162
6.626688
21.888151
-26.506752
-13.855803
25.703518
-10.241245
-27.912413
19.277637
8.634775
-35.743954
4.216983
20.482491
-27.711605
-15.663081
25.301901
-14.659038
-27.510796
20.080873
11.044480
-31.125353
4.618601
23.293812
-25.904325
-13.654994
29.719692
-11.245289
-27.309988
21.285725
9.839628
-31.526970
7.630732
25.502708
-23.293812
-11.245289
30.121309
-11.446097
-27.711605
20.482491
10.040437
-33.334248
7.229114
24.699474
-24.699474
-11.044480
27.309988
-9.638819
-27.109179
24.699474
12.450141
-31.125353
5.421836
21.687344
-27.109179
-10.241245
31.727779
-7.429923
-23.896238
24.097048
13.052567
-29.117266
9.839628
22.892195
-26.105135
-13.654994
25.904325
-12.650950
-30.322119
20.884108
8.433967
-30.924545
9.237202
23.494621
-25.502708
-13.454185
26.305944
-13.454185
-28.113222
17.671167
9.237202
-33.133442
5.622644
26.105135
-28.514839
-11.245289
24.900282
-10.241245
-27.912413
20.482491
9.839628
-35.141529
6.425879
22.691387
-25.502708
-13.052567
29.920502
-10.442054
-28.314032
20.884108
6.425879
-34.137486
8.032350
25.101091
-25.101091
-11.446097
26.305944
-10.241245
-28.314032
22.088961
8.835584
-31.326162
9.036393
26.105135
-24.297857
-11.044480
27.309988
-8.835584
-27.711605
23.093004
6.024262
-34.338291
4.216983
22.892195
-23.896238
-11.245289
30.924545
-11.044480
-27.309988
19.679256
8.634775
-31.727779
7.831541
24.297857
-25.502708
-13.654994
28.715649
-8.233158
-24.699474
23.896238
9.638819
-32.330204
7.630732
24.498665
-23.695431
-10.040437
28.916456
-10.241245
-27.510796
20.482491
8.233158
-33.334248
8.835584
22.691387
-23.896238
-12.851759
28.314032
-9.839628
-25.703518
20.482491
10.843672
-35.743954
10.442054
22.289768
-23.494621
-10.843672
30.121309
-7.630732
-23.695431
21.285725
11.245289
-32.330204
9.839628
26.506752
-25.301901
-10.843672
27.309988
-11.044480
-27.711605
22.289768
9.638819
-30.121309
8.634775
23.494621
-26.305944
-13.855803
29.518883
-10.642862
-24.297857
19.076830
7.831541
-33.535057
7.229114
26.105135
-24.699474
-11.245289
29.117266
-14.056611
-27.109179
21.084917
10.442054
-29.920502
12.450141
23.093004
-26.105135
-11.044480
27.912413
-9.839628
-23.293812
23.494621
8.634775
-30.322119
5.421836
23.494621
-26.908369
-11.245289
28.715649
-8.835584
-26.305944
23.494621
9.036393
-32.932632
9.839628
19.880064
-26.707561
-14.859846
27.510796
-12.650950
-23.293812
23.695431
10.040437
-29.719692
6.827497
25.904325
-22.892195
-10.040437
30.723736
-12.249332
-28.314032
23.093004
9.036393
-30.322119
8.634775
24.900282
-26.506752
-10.040437
26.908369
-13.052567
-26.305944
20.080873
10.241245
-29.719692
6.024262
24.900282
-27.912413
-10.040437
28.514839
-8.835584
-25.101091
23.093004
9.438010
-30.121309
9.237202
24.097048
-26.707561
-13.253376
26.506752
-14.859846
-27.109179
18.474403
7.429923
-35.141529
9.036393
21.687344
-23.896238
-11.646906
28.715649
-11.847715
-27.109179
17.871977
6.225070
-35.342335
7.028306
23.695431
-25.904325
-10.642862
28.314032
-9.438010
-26.305944
23.695431
7.229114
-32.330204
5.020218
22.490578
-28.514839
-9.237202
27.109179
-10.241245
-26.105135
22.892195
9.237202
-30.522926
7.229114
22.289768
-25.703518
-10.442054
30.522926
-11.847715
-26.707561
19.880064
6.425879
-31.326162
10.241245
24.900282
-24.498665
-9.839628
29.318075
-10.843672
-21.285725
21.888151
10.442054
-31.125353
8.233158
25.301901
-23.293812
-8.233158
32.129398
-8.233158
-22.691387
23.494621
8.233158
-34.137486
7.229114
21.285725
-27.510796
-12.450141
29.117266
-12.048524
-23.093004
23.695431
8.835584
-33.133442
6.425879
23.093004
-26.305944
-9.839628
31.125353
-11.446097
-27.109179
22.289768
8.233158
-32.731823
8.835584
22.289768
-24.097048
-9.237202
31.526970
-12.650950
-27.510796
21.084917
7.229114
-29.518883
10.642862
24.699474
-25.301901
-10.442054
25.703518
-10.241245
-29.318075
23.896238
5.221027
-33.936676
7.831541
23.695431
-27.309988
-9.438010
28.314032
-12.048524
-25.101091
22.691387
7.630732
-29.518883
11.044480
24.297857
-27.309988
-12.450141
26.506752
-10.040437
-24.498665
25.301901
7.831541
-32.731823
7.630732
21.888151
-25.703518
-7.229114
29.719692
-10.241245
-25.101091
20.281681
6.827497
-32.129398
7.229114
23.494621
-27.711605
-9.839628
28.113222
-11.245289
-24.297857
21.888151
7.229114
-30.723736
8.032350
23.896238
-26.305944
-11.245289
26.707561
-10.843672
-27.711605
22.289768
8.032350
-34.338291
8.433967
22.691387
-25.904325
-10.241245
31.125353
-10.843672
-26.305944
22.691387
6.225070
-32.129398
7.831541
22.490578
-27.309988
-11.446097
29.920502
-12.450141
-26.707561
22.691387
7.831541
-32.129398
10.040437
23.695431
-27.510796
-6.626688
28.514839
-10.642862
-25.101091
20.482491
5.221027
-35.342335
7.630732
22.892195
-26.908369
-8.835584
26.908369
-13.654994
-24.498665
22.088961
7.429923
-31.125353
6.626688
21.888151
-26.707561
-9.839628
27.510796
-12.851759
