-11.245289
5.421836
0.000000
0.000000
0.000000
0.000000
0.000000
0.000000
0.000000
0.000000
0.000000
0.000000
0.000000
0.000000
0.000000
0.000000
0.000000
0.000000
0.000000
0.000000
0.000000
0.000000
0.000000
0.000000
0.000000
0.000000
0.000000
0.000000
0.000000
0.000000
0.000000
0.000000
0.000000
0.000000
0.000000
0.000000
0.000000
0.000000
0.000000
0.000000
0.000000
0.000000
0.000000
0.000000
0.000000
0.000000
0.000000
0.000000
0.000000
0.000000
0.000000
0.000000
0.000000
0.000000
0.000000
0.000000
0.000000
0.000000
0.000000
0.000000
0.000000
0.000000
0.000000
0.000000
0.000000
0.000000
0.000000
0.000000
0.000000
0.000000
0.000000
0.000000
0.000000
0.000000
0.000000
0.000000
0.000000
0.000000
0.000000
0.000000
0.000000
0.000000
0.000000
0.000000
0.000000
0.000000
0.000000
0.000000
0.000000
0.000000
0.000000
0.000000
0.000000
0.000000
0.000000
0.000000
0.000000
0.000000
0.000000
0.000000
0.000000
0.000000
0.000000
0.000000
0.000000
0.000000
0.000000
0.000000
0.000000
0.000000
0.000000
0.000000
0.000000
0.000000
0.000000
0.000000
0.000000
0.000000
0.000000
0.000000
0.000000
0.000000
0.000000
0.000000
0.000000
0.000000
0.000000
0.000000
0.000000
0.000000
0.000000
0.000000
0.000000
0.000000
0.000000
0.000000
0.000000
0.000000
0.000000
0.000000
0.000000
0.000000
0.000000
0.000000
0.000000
0.000000
0.000000
0.000000
0.000000
0.000000
0.000000
0.000000
0.000000
0.000000
0.000000
0.000000
0.000000
0.000000
0.000000
0.000000
0.000000
0.000000
0.000000
0.000000
0.000000
0.000000
0.000000
0.000000
0.000000
0.000000
0.000000
0.000000
0.000000
0.000000
0.000000
0.000000
0.000000
0.000000
0.000000
0.000000
0.000000
0.000000
0.000000
0.000000
0.000000
0.000000
0.000000
0.000000
0.000000
0.000000
0.000000
0.000000
0.000000
0.000000
0.000000
0.000000
0.000000
0.000000
0.000000
0.000000
0.000000
0.000000
7.831541
-8.634775
0.803235
8.433967
-6.827497
-8.835584
8.233158
-2.610513
-13.253376
5.020218
6.024262
-10.442054
-0.803235
9.237202
-5.421836
-8.233158
13.052567
-1.405661
-11.245289
6.225070
6.024262
-9.237202
1.405661
9.237202
-6.024262
-10.241245
12.249332
-1.807279
-8.634775
9.036393
8.233158
-8.634775
1.004044
8.433967
-7.831541
-10.843672
9.638819
-2.008087
-11.446097
6.425879
2.409705
-13.253376
-2.811322
9.839628
-6.024262
-3.614557
10.843672
-1.004044
-13.654994
4.016175
3.012131
-12.249332
-1.405661
8.634775
-11.044480
-7.028306
8.634775
-1.405661
-11.847715
6.425879
4.819409
-9.237202
-0.602426
9.839628
-8.835584
-4.216983
13.454185
3.212940
-8.433967
6.225070
2.610513
-14.056611
-0.200809
9.438010
-5.421836
-2.610513
9.438010
-2.208896
-12.048524
2.409705
4.417792
-10.642862
-1.004044
9.839628
-7.630732
-6.225070
10.442054
0.803235
-10.241245
5.622644
4.819409
-13.654994
0.602426
10.442054
-6.225070
-5.020218
10.241245
-0.803235
-10.241245
6.425879
3.815366
-10.843672
0.803235
13.454185
-4.819409
-5.622644
12.450141
0.602426
-9.638819
8.233158
5.622644
-10.642862
2.208896
10.040437
-6.225070
-10.843672
8.032350
-3.614557
-11.847715
6.024262
7.630732
-10.241245
5.221027
11.044480
-3.012131
-8.433967
8.233158
-3.012131
-14.257420
7.028306
5.020218
-10.442054
0.200809
10.642862
-7.429923
-7.630732
10.843672
-0.401617
-10.843672
9.638819
5.622644
-9.036393
3.413749
13.454185
-4.417792
-5.823453
9.839628
-1.807279
-10.843672
8.634775
6.024262
-9.839628
3.012131
11.847715
-3.012131
-3.815366
10.442054
0.401617
-11.446097
7.831541
3.413749
-12.851759
-0.803235
8.835584
-3.815366
-8.233158
9.638819
-3.614557
-13.253376
6.827497
5.221027
-11.847715
0.200809
8.433967
-8.233158
-8.233158
9.839628
1.204852
-11.245289
10.843672
6.425879
-13.654994
-0.602426
6.425879
-8.835584
-7.630732
9.237202
-3.413749
-12.650950
9.036393
5.823453
-5.221027
1.807279
13.454185
-6.827497
-5.020218
9.638819
-0.602426
-10.642862
10.843672
8.233158
-8.233158
1.606470
8.233158
-9.237202
-7.831541
8.634775
0.401617
-12.450141
7.229114
3.614557
-14.458228
-3.212940
6.425879
-9.237202
-6.626688
10.040437
-1.204852
-14.859846
6.425879
2.208896
-8.634775
0.803235
11.646906
-6.024262
-6.425879
11.245289
-1.004044
-12.450141
8.032350
4.819409
-9.438010
2.610513
11.446097
-5.622644
-4.618601
12.249332
-0.200809
-10.442054
7.229114
5.622644
-8.835584
4.216983
14.056611
-3.614557
-2.811322
12.249332
0.602426
-13.253376
7.831541
5.823453
-10.442054
5.421836
10.642862
-4.618601
-8.233158
11.646906
-2.008087
-10.040437
9.036393
6.225070
-10.642862
1.807279
10.040437
-6.827497
-4.417792
11.847715
0.401617
-9.237202
7.630732
5.221027
-11.646906
2.409705
7.630732
-6.827497
-7.630732
9.839628
-1.405661
-11.245289
9.237202
6.024262
-9.237202
4.216983
10.241245
-5.221027
-7.028306
12.048524
-3.815366
-8.233158
8.634775
7.229114
-7.831541
3.614557
11.847715
-4.216983
-5.421836
12.851759
-1.204852
-9.438010
9.036393
5.823453
-9.839628
2.008087
9.638819
-7.630732
-6.425879
11.044480
-3.012131
-9.036393
7.630732
6.225070
-12.650950
1.606470
7.028306
-8.634775
-6.225070
9.839628
-2.409705
-9.438010
9.839628
4.819409
-9.438010
-1.004044
9.638819
-8.233158
-3.815366
13.654994
1.004044
-7.229114
8.233158
3.012131
-12.450141
-3.212940
9.438010
-10.040437
-4.216983
11.044480
-3.614557
-11.245289
5.421836
3.815366
-9.839628
-1.204852
8.634775
-9.438010
-7.429923
9.438010
-3.614557
-12.249332
9.438010
5.221027
-7.229114
1.807279
12.450141
-5.020218
-2.409705
13.454185
2.008087
-12.650950
5.823453
0.401617
-12.249332
2.409705
12.249332
-3.413749
-4.016175
13.052567
1.405661
-11.044480
8.835584
3.815366
-11.446097
-0.200809
7.229114
-9.036393
-6.024262
10.040437
-2.811322
-12.048524
6.225070
3.012131
-10.642862
0.803235
9.638819
-7.831541
-4.216983
10.241245
-1.405661
-11.044480
6.626688
3.012131
-12.249332
2.409705
9.638819
-6.225070
-5.221027
11.446097
-3.815366
-11.044480
4.819409
3.413749
-11.446097
0.401617
12.249332
-7.229114
-6.626688
9.438010
-4.618601
-14.659038
10.442054
4.216983
-6.425879
3.614557
11.245289
-6.626688
-9.438010
7.831541
-4.216983
-13.654994
9.638819
4.417792
-9.638819
3.614557
10.040437
-7.831541
-5.020218
11.245289
2.811322
-6.225070
14.859846
9.036393
-11.847715
4.016175
5.622644
-6.024262
-5.421836
16.064699
-2.008087
-8.032350
9.638819
3.815366
-9.237202
3.212940
8.634775
-5.421836
-4.618601
11.446097
-1.405661
-7.429923
8.835584
6.626688
-9.839628
1.405661
9.438010
-7.229114
-6.024262
11.847715
-2.208896
-11.044480
9.438010
3.413749
-11.245289
0.602426
7.229114
-10.442054
-6.024262
10.843672
-1.004044
-10.642862
10.241245
2.008087
-8.634775
1.606470
11.446097
-6.626688
-1.606470
11.847715
-1.807279
-10.642862
4.216983
3.212940
-11.446097
2.610513
10.241245
-5.622644
-6.827497
11.245289
-1.405661
-11.446097
10.442054
2.208896
-11.446097
0.602426
10.642862
-6.425879
-0.602426
14.257420
1.807279
-8.233158
11.245289
5.020218
-9.839628
4.216983
9.438010
-7.630732
-3.212940
12.650950
1.606470
-11.044480
9.237202
2.610513
-10.843672
4.417792
11.245289
-5.221027
-1.405661
15.261463
0.401617
-8.433967
10.442054
3.413749
-7.429923
5.622644
12.851759
-4.216983
-0.803235
14.659038
-1.204852
-7.630732
10.642862
6.425879
-7.028306
6.626688
11.245289
-5.823453
-0.602426
13.454185
-0.401617
-8.835584
10.843672
5.221027
-8.032350
6.225070
9.638819
-7.429923
-2.008087
9.638819
-0.803235
-10.442054
10.642862
4.618601
-9.839628
7.630732
8.032350
-5.221027
-3.614557
12.450141
-0.401617
-10.442054
13.052567
2.208896
-9.438010
6.425879
10.241245
-4.618601
0.803235
13.052567
-1.004044
-7.429923
7.831541
5.622644
-11.044480
6.225070
8.835584
-6.425879
-1.807279
13.253376
1.405661
-6.024262
13.454185
5.221027
-7.630732
7.028306
9.839628
-5.221027
-2.610513
11.847715
-2.008087
-7.831541
9.638819
5.421836
-10.241245
3.815366
9.638819
-7.429923
-1.807279
14.257420
-4.216983
-8.433967
8.233158
-0.401617
-11.446097
3.815366
8.032350
-6.225070
1.204852
9.438010
-2.008087
-10.642862
8.634775
3.012131
-11.044480
4.417792
5.823453
-7.831541
-6.626688
7.630732
-6.626688
-12.450141
8.233158
1.004044
-11.446097
0.602426
6.827497
-9.036393
-4.819409
9.839628
-2.811322
-8.835584
9.237202
4.618601
-14.458228
1.606470
6.024262
-10.040437
-2.409705
11.646906
-1.606470
-9.036393
10.040437
1.807279
-12.048524
3.012131
7.429923
-8.835584
-5.823453
7.831541
-5.622644
-12.249332
8.634775
2.610513
-13.654994
3.212940
5.020218
-12.249332
-4.016175
8.634775
-3.212940
-10.241245
9.237202
1.004044
-11.646906
3.815366
6.626688
-8.433967
-4.618601
11.446097
-2.610513
-10.040437
8.032350
1.606470
-13.855803
3.212940
8.634775
-9.839628
-1.405661
8.835584
-4.618601
-11.446097
7.429923
0.000000
-9.438010
2.610513
6.626688
-8.032350
-3.012131
10.642862
-1.405661
-11.646906
8.233158
-2.811322
-9.438010
2.208896
8.835584
-9.036393
-5.221027
7.229114
-4.819409
-11.245289
8.433967
2.208896
-9.839628
4.618601
10.040437
-9.839628
-1.606470
9.036393
-0.803235
-11.245289
10.040437
0.803235
-11.646906
4.417792
7.028306
-9.237202
-1.606470
12.450141
-1.807279
-5.622644
10.040437
5.421836
-8.032350
7.229114
8.032350
-6.024262
-4.016175
11.044480
-3.614557
-9.638819
12.048524
2.208896
-9.036393
4.417792
7.630732
-10.442054
-4.216983
9.036393
-4.016175
-6.626688
12.851759
3.815366
-7.028306
1.807279
7.831541
-8.433967
-3.815366
11.245289
-1.807279
-12.249332
12.048524
-0.401617
-10.241245
1.004044
5.823453
-12.450141
-4.016175
8.835584
-1.405661
-7.630732
11.646906
1.405661
-10.241245
-0.200809
6.225070
-10.442054
-5.421836
11.847715
-4.016175
-7.028306
7.630732
2.208896
-13.253376
3.614557
5.823453
-7.831541
-4.819409
11.646906
-3.212940
-6.425879
9.839628
3.815366
-12.249332
1.004044
5.823453
-11.044480
-4.016175
9.638819
-3.815366
-10.642862
8.433967
-0.602426
-13.454185
-0.401617
4.618601
-12.450141
-4.417792
7.229114
-5.823453
-12.249332
6.827497
0.000000
-12.249332
1.405661
4.216983
-11.245289
-5.020218
8.835584
-5.622644
-12.048524
7.831541
-0.803235
-9.638819
5.020218
9.036393
-7.429923
-2.811322
10.642862
-6.024262
-7.429923
7.429923
2.409705
-12.450141
2.409705
7.229114
-11.044480
-3.614557
9.839628
-6.425879
-9.839628
7.831541
0.803235
-12.048524
2.811322
7.429923
-8.233158
-3.413749
10.241245
-4.618601
-10.843672
9.438010
0.602426
-9.237202
2.811322
9.036393
-8.032350
-1.807279
10.040437
-2.811322
-12.249332
8.233158
-0.602426
-11.245289
3.614557
9.036393
-9.438010
-2.008087
10.241245
-1.606470
-8.032350
10.642862
2.811322
-14.257420
6.024262
3.413749
-6.827497
-6.827497
10.442054
-5.622644
-9.638819
8.032350
2.208896
-12.851759
3.815366
6.425879
-10.843672
-4.819409
6.827497
-5.020218
-9.438010
8.233158
5.421836
-12.851759
4.417792
4.819409
-9.036393
-6.024262
12.450141
-5.823453
-10.241245
9.036393
-1.807279
-11.446097
1.204852
8.032350
-9.237202
-2.208896
11.245289
-2.008087
-10.241245
10.442054
0.602426
-11.044480
3.212940
6.225070
-11.646906
-5.020218
8.634775
-5.421836
-10.642862
10.642862
0.200809
-8.433967
5.823453
7.028306
-9.839628
-2.008087
10.040437
-3.815366
-10.442054
6.024262
2.811322
-12.851759
6.626688
7.429923
-9.839628
-2.409705
9.638819
-1.405661
-9.438010
11.847715
1.405661
-9.036393
4.417792
8.634775
-6.626688
-4.417792
11.646906
-2.208896
-9.438010
10.642862
0.000000
-11.847715
5.421836
7.429923
-5.622644
-4.016175
10.241245
-4.016175
-8.634775
11.646906
5.221027
-8.233158
6.626688
8.433967
-8.634775
-3.012131
9.036393
-5.421836
-9.237202
7.630732
3.815366
-10.642862
7.630732
8.835584
-9.237202
-3.815366
9.237202
-4.216983
-7.630732
10.040437
0.602426
-9.438010
3.212940
8.835584
-7.429923
-1.606470
14.056611
-2.610513
-8.032350
8.835584
0.803235
-10.642862
6.626688
7.630732
-7.831541
-4.819409
9.438010
-6.024262
-6.827497
10.241245
4.618601
-10.241245
2.811322
6.225070
-11.646906
-3.413749
8.233158
-3.212940
-10.843672
10.040437
2.811322
-10.843672
4.216983
6.626688
-9.438010
-3.815366
12.851759
-3.815366
-6.225070
11.044480
2.008087
-9.839628
2.811322
3.815366
-9.036393
-5.020218
10.442054
-2.811322
-8.634775
12.851759
3.413749
-11.044480
3.212940
2.811322
-9.638819
-2.208896
14.056611
0.000000
-6.225070
11.245289
3.413749
-13.253376
6.626688
7.429923
-8.233158
-2.208896
11.646906
-6.024262
-6.425879
7.630732
4.819409
-12.650950
5.421836
6.225070
-9.638819
-3.614557
11.245289
-5.020218
-9.438010
7.229114
-0.401617
-11.646906
2.008087
4.819409
-11.245289
-5.622644
8.433967
-3.212940
-9.438010
12.851759
4.016175
-8.835584
4.618601
6.225070
-9.237202
-4.216983
14.257420
-4.618601
-7.630732
9.438010
2.008087
-10.843672
8.032350
10.642862
-6.225070
-0.200809
11.044480
-4.016175
-10.442054
7.429923
1.204852
-9.839628
6.827497
10.241245
-7.429923
-0.602426
11.646906
-0.803235
-8.634775
10.040437
1.606470
-10.843672
7.229114
7.028306
-8.032350
-4.819409
8.233158
-3.815366
-8.233158
11.446097
2.008087
-9.438010
5.622644
8.233158
-5.622644
-3.614557
11.446097
-4.417792
-7.028306
12.249332
2.409705
-11.847715
4.216983
3.413749
-9.839628
-3.212940
7.831541
-4.417792
-7.429923
9.839628
0.401617
-9.839628
1.405661
6.626688
-9.839628
-4.216983
9.036393
-6.024262
-8.835584
11.646906
5.221027
-7.429923
7.229114
8.634775
-5.823453
-0.200809
14.659038
-3.212940
-7.429923
7.831541
0.803235
-10.642862
5.221027
7.429923
-9.438010
-4.016175
9.438010
-6.425879
-7.630732
7.831541
1.204852
-11.646906
5.421836
6.827497
-9.036393
-0.401617
10.843672
-3.413749
-5.020218
12.450141
4.417792
-8.835584
5.020218
6.225070
-9.036393
-1.606470
11.646906
-3.614557
-8.634775
9.438010
0.803235
-12.851759
4.016175
5.020218
-9.638819
-3.815366
10.442054
-6.425879
-8.835584
8.634775
1.606470
-10.442054
5.622644
8.835584
-8.433967
0.200809
8.433967
-4.618601
-8.433967
8.835584
4.417792
-11.044480
6.225070
6.626688
-7.831541
-2.409705
13.454185
-3.012131
-8.032350
9.036393
0.000000
-13.454185
5.020218
6.425879
-8.835584
-1.807279
8.433967
-2.610513
-10.040437
9.438010
1.807279
-12.851759
5.622644
6.827497
-7.630732
-2.610513
12.450141
-4.016175
-7.831541
9.237202
0.401617
-14.859846
2.610513
3.614557
-11.646906
-1.807279
7.429923
-3.815366
-9.839628
10.642862
3.212940
-9.036393
7.028306
4.417792
-7.630732
-5.421836
10.442054
-5.421836
-7.028306
8.433967
2.610513
-8.634775
6.024262
10.642862
-7.831541
-2.409705
8.835584
-3.413749
-9.237202
14.257420
1.204852
-9.839628
6.827497
5.622644
-6.626688
-0.602426
10.843672
-3.413749
-8.032350
11.044480
3.212940
-8.835584
7.028306
8.634775
-9.036393
-2.208896
9.638819
-4.417792
-11.044480
10.843672
-0.602426
-11.446097
4.618601
6.225070
-9.839628
-2.610513
12.851759
-3.614557
-5.823453
10.442054
3.012131
-10.040437
9.438010
8.233158
-5.020218
-0.803235
10.241245
-5.221027
-9.237202
10.843672
3.012131
-9.638819
5.622644
6.425879
-9.036393
0.602426
12.249332
-1.204852
-6.827497
10.843672
3.012131
-11.646906
6.827497
6.425879
-10.241245
-2.208896
9.237202
-5.020218
-7.028306
10.642862
2.008087
-11.245289
4.417792
5.221027
-10.241245
-0.200809
9.036393
-2.208896
-7.630732
9.036393
0.602426
-11.446097
2.811322
7.831541
-9.638819
-1.807279
10.642862
-3.614557
-7.229114
13.654994
1.807279
-11.044480
6.024262
6.225070
-7.429923
1.004044
10.040437
-4.618601
-10.040437
8.634775
0.602426
-10.241245
5.622644
6.024262
-9.237202
-2.409705
10.442054
-4.819409
-10.642862
5.823453
-3.815366
-14.257420
4.216983
8.032350
-6.425879
-0.200809
11.646906
-4.618601
-8.032350
11.044480
4.216983
-9.036393
7.429923
5.421836
-9.237202
-3.212940
7.429923
-2.409705
-13.052567
9.839628
-3.815366
-15.663081
5.622644
4.417792
-7.028306
-3.012131
8.032350
-5.823453
-9.438010
9.237202
-2.208896
-12.048524
5.020218
7.429923
-6.827497
-2.008087
9.438010
-6.425879
-9.438010
8.835584
0.000000
-10.642862
5.823453
6.827497
-9.839628
-1.405661
8.233158
-2.610513
-9.036393
11.044480
0.200809
-11.446097
3.614557
4.216983
-10.040437
-6.024262
10.442054
-8.433967
-9.438010
8.835584
0.401617
-8.233158
6.425879
6.626688
-11.646906
-4.819409
9.036393
-5.020218
-6.626688
13.052567
1.405661
-9.237202
7.429923
6.225070
-8.032350
-2.208896
10.642862
-4.819409
-6.225070
10.843672
1.405661
-9.638819
8.233158
7.429923
-7.229114
-0.200809
10.241245
-3.815366
-7.229114
9.839628
1.606470
-12.450141
4.819409
5.020218
-10.241245
-1.405661
11.446097
-6.626688
-5.221027
9.036393
2.008087
-12.048524
4.216983
5.622644
-9.036393
-0.803235
12.048524
-2.409705
-6.827497
11.446097
-0.401617
-13.454185
5.622644
3.012131
-9.638819
-4.216983
7.028306
-4.417792
-9.638819
9.638819
1.807279
-12.450141
6.024262
6.827497
-9.237202
-0.401617
11.646906
-3.614557
-8.233158
10.843672
-0.401617
-11.044480
3.815366
8.634775
-9.638819
0.602426
8.433967
-7.028306
-11.446097
9.036393
2.208896
-11.646906
6.024262
5.221027
-11.044480
-2.610513
8.835584
-6.626688
-11.245289
9.036393
-0.401617
-12.450141
6.827497
3.815366
-11.446097
-5.020218
8.835584
-8.032350
-10.241245
8.433967
-0.602426
-8.835584
8.233158
9.237202
-9.036393
0.401617
11.646906
-3.614557
-7.229114
9.036393
-0.401617
-12.450141
5.622644
6.225070
-11.646906
-1.405661
8.634775
-8.032350
-10.040437
9.237202
-1.004044
-8.634775
6.425879
7.229114
-10.642862
-1.204852
7.831541
-5.823453
-11.245289
9.839628
-0.602426
-11.646906
4.216983
4.216983
-11.446097
-1.807279
10.442054
-5.221027
-6.024262
11.245289
2.610513
-9.237202
7.229114
3.212940
-10.442054
-6.024262
7.028306
-6.626688
-9.638819
9.839628
0.000000
-10.843672
7.429923
4.819409
-8.634775
-2.208896
8.634775
-5.221027
-8.835584
11.847715
1.606470
-8.433967
6.827497
5.421836
-10.642862
-2.208896
9.237202
-4.819409
-7.429923
10.241245
-0.401617
-11.446097
2.008087
9.438010
-12.048524
0.803235
9.237202
-6.225070
-6.225070
11.044480
3.212940
-10.843672
4.819409
5.622644
-12.249332
0.803235
10.241245
-2.008087
-4.016175
13.253376
2.208896
-9.438010
6.827497
6.827497
-6.225070
-0.200809
10.843672
-4.016175
-7.229114
11.044480
2.610513
-12.249332
6.024262
4.016175
-9.237202
-1.004044
11.847715
-2.811322
-7.028306
13.052567
0.803235
-11.044480
6.827497
6.827497
-9.438010
1.204852
11.245289
-3.614557
-6.425879
11.446097
1.606470
-8.433967
5.020218
9.638819
-6.225070
4.016175
15.663081
-1.807279
-7.630732
12.048524
-0.200809
-7.630732
8.233158
7.831541
-6.626688
1.204852
9.638819
-4.417792
-7.429923
12.450141
2.409705
-8.634775
6.425879
4.819409
-8.032350
-0.401617
11.446097
-2.208896
-8.233158
13.052567
0.602426
-9.839628
8.835584
10.442054
-4.819409
5.020218
12.450141
-2.610513
-8.032350
9.438010
2.208896
-10.241245
8.233158
9.638819
-9.036393
1.204852
9.438010
-2.610513
-8.634775
15.261463
1.405661
-7.229114
5.421836
7.831541
-10.642862
-0.200809
9.237202
-4.216983
-9.839628
10.843672
0.602426
-12.650950
4.216983
4.417792
-12.048524
-2.811322
9.638819
-5.421836
-6.225070
14.056611
5.823453
-3.012131
10.843672
10.241245
-8.032350
-0.602426
11.245289
-4.417792
-5.221027
11.245289
2.610513
-9.438010
6.024262
8.634775
-11.245289
-0.602426
10.442054
-5.221027
-6.425879
15.060655
1.405661
-9.438010
5.421836
5.221027
-9.839628
1.405661
12.249332
-6.225070
-5.622644
11.044480
-0.401617
-10.040437
4.417792
4.016175
-11.245289
-1.807279
9.839628
-7.229114
-7.229114
10.040437
0.200809
-13.454185
5.221027
3.614557
-11.847715
-1.004044
11.446097
-4.216983
-3.012131
13.052567
3.614557
-10.241245
6.024262
5.421836
-10.642862
2.811322
11.646906
-2.610513
-5.421836
9.638819
2.811322
-10.642862
9.638819
8.032350
-7.028306
0.000000
11.646906
-7.831541
-6.827497
8.835584
-0.200809
-11.044480
6.425879
6.024262
-10.442054
0.200809
8.032350
-4.016175
-9.638819
12.048524
-1.204852
-11.446097
5.421836
2.610513
-11.646906
-2.409705
9.839628
-10.040437
-10.642862
10.040437
-2.811322
-9.839628
6.827497
1.606470
-10.843672
-1.204852
9.839628
-3.815366
-7.028306
12.048524
-0.401617
-11.646906
7.229114
2.610513
-9.237202
0.000000
7.831541
-4.016175
-10.040437
8.032350
-0.602426
-13.855803
8.032350
2.208896
-10.442054
-2.610513
8.835584
-5.221027
-7.028306
12.450141
0.602426
-11.044480
9.237202
4.417792
-8.634775
0.000000
9.839628
-5.421836
-7.429923
10.442054
-2.409705
-13.253376
5.421836
5.221027
-12.650950
0.803235
7.028306
-7.229114
-6.626688
10.442054
-0.803235
-11.446097
8.433967
5.421836
-9.237202
1.204852
9.839628
-4.417792
-5.421836
12.851759
0.000000
-8.835584
10.040437
9.638819
-6.827497
3.413749
9.036393
-5.622644
-5.622644
10.241245
2.008087
-11.245289
8.433967
5.622644
-10.241245
-1.405661
6.225070
-8.835584
-9.438010
8.032350
-3.815366
-15.060655
1.807279
0.200809
-14.056611
-6.225070
5.020218
-11.646906
-11.847715
5.421836
-2.008087
-15.663081
4.216983
2.610513
-10.241245
-3.012131
8.233158
-9.839628
-13.253376
7.831541
-5.622644
-13.654994
3.212940
2.208896
-11.245289
-4.016175
5.823453
-9.638819
-11.646906
6.827497
-1.204852
-13.052567
7.429923
2.610513
-9.237202
-5.020218
8.032350
-7.229114
-10.040437
7.429923
-1.405661
-12.650950
7.229114
5.622644
-8.433967
-2.208896
10.642862
-7.429923
-7.229114
7.831541
1.204852
-11.245289
7.229114
5.421836
-11.646906
-5.221027
7.429923
-7.229114
-10.442054
11.044480
-0.602426
-10.442054
6.827497
4.618601
-10.642862
-3.212940
7.630732
-5.823453
-9.438010
8.835584
-0.401617
-14.458228
4.618601
2.811322
-11.646906
-4.618601
7.028306
-11.044480
-8.233158
8.835584
3.212940
-8.835584
6.024262
6.626688
-9.237202
-2.409705
11.646906
-7.229114
-8.233158
10.241245
1.807279
-10.241245
7.429923
8.032350
-7.429923
0.602426
12.650950
-7.028306
-8.433967
9.237202
1.204852
-11.245289
7.028306
7.831541
-8.433967
1.204852
10.241245
-5.221027
-7.831541
12.851759
4.819409
-9.839628
5.823453
4.618601
-10.442054
0.000000
13.855803
-3.815366
-5.020218
13.253376
5.221027
-6.626688
8.835584
6.225070
-10.040437
-2.610513
9.638819
-8.433967
-10.642862
9.839628
1.405661
-8.032350
9.237202
6.827497
-9.839628
-2.008087
8.634775
-6.425879
-8.433967
7.831541
1.606470
-11.847715
5.622644
9.237202
-12.249332
-1.004044
7.229114
-6.024262
-8.835584
9.036393
3.212940
-13.454185
7.028306
6.024262
-9.036393
-3.012131
12.851759
-5.622644
-9.839628
9.638819
-1.807279
-13.253376
8.233158
8.233158
-7.429923
-0.803235
9.036393
-5.622644
-9.839628
11.646906
1.004044
-9.638819
8.433967
9.839628
-7.028306
-0.401617
10.241245
-4.016175
-9.237202
12.048524
-0.803235
-12.450141
5.020218
6.425879
-8.233158
-0.803235
12.851759
-4.819409
-8.433967
9.237202
1.204852
-10.442054
7.630732
7.831541
-10.241245
-3.012131
10.843672
-3.212940
-5.622644
13.052567
2.409705
-10.040437
7.630732
8.032350
-7.831541
0.602426
11.044480
-4.216983
-8.233158
10.040437
1.405661
-11.646906
9.839628
6.626688
-6.225070
-2.208896
11.245289
-4.618601
-6.425879
10.241245
3.614557
-14.056611
9.438010
6.024262
-6.626688
0.000000
13.454185
-2.811322
-4.618601
10.241245
3.815366
-10.040437
9.638819
10.241245
-8.433967
0.200809
10.642862
-5.622644
-7.831541
12.450141
2.610513
-7.630732
8.032350
7.429923
-9.438010
-2.610513
12.450141
-5.221027
-5.823453
7.229114
-0.200809
-12.650950
7.028306
9.839628
-7.028306
-0.200809
12.048524
-7.831541
-8.032350
10.040437
3.012131
-9.438010
12.048524
7.028306
-8.634775
0.000000
10.843672
-4.216983
-5.020218
12.249332
1.204852
-9.036393
4.216983
7.229114
-9.839628
-0.803235
12.048524
-3.614557
-7.630732
11.646906
1.204852
-11.847715
8.433967
3.614557
-10.442054
-4.216983
10.442054
-7.229114
-4.819409
11.847715
2.610513
-8.433967
6.626688
9.438010
-7.229114
0.602426
12.650950
-5.622644
-9.438010
12.048524
1.405661
-9.237202
7.429923
8.634775
-9.438010
0.000000
9.438010
-7.630732
-8.233158
9.036393
2.008087
-8.634775
5.823453
7.831541
-10.642862
0.602426
10.642862
-3.212940
-6.827497
11.044480
1.405661
-9.438010
9.237202
7.229114
-9.237202
-2.610513
9.237202
-8.433967
-8.433967
7.028306
0.000000
-13.454185
7.630732
5.421836
-7.831541
-0.803235
11.245289
-5.421836
-8.233158
7.229114
-0.401617
-13.454185
6.024262
7.630732
-9.036393
-0.200809
11.646906
-4.016175
-7.831541
11.446097
0.200809
-10.642862
4.618601
6.225070
-12.048524
0.200809
9.237202
-4.417792
-7.429923
12.048524
2.610513
-8.634775
8.433967
5.823453
-7.831541
-0.803235
12.249332
-7.229114
-7.831541
7.831541
-0.803235
-9.839628
8.634775
8.634775
-7.831541
0.803235
12.450141
-4.016175
-2.208896
10.843672
3.815366
-9.438010
9.036393
9.638819
-5.221027
1.807279
14.056611
-2.811322
-4.618601
12.249332
0.803235
-12.851759
5.421836
4.618601
-10.642862
-2.208896
11.847715
-5.823453
-4.417792
12.650950
2.610513
-11.446097
5.823453
6.225070
-9.839628
-0.200809
12.851759
-5.421836
-8.433967
10.843672
1.004044
-10.843672
7.229114
6.225070
-7.429923
0.200809
13.654994
-7.028306
-9.438010
9.438010
0.000000
-8.233158
8.835584
8.032350
-9.237202
-0.602426
7.429923
-4.417792
-11.646906
11.646906
-1.004044
-12.650950
6.225070
7.630732
-11.446097
0.401617
10.642862
-5.622644
-6.626688
11.044480
1.204852
-7.831541
9.638819
9.036393
-10.642862
-1.807279
9.839628
-4.417792
-6.024262
12.048524
0.803235
-11.646906
6.626688
5.823453
-9.036393
2.610513
11.847715
-4.618601
-7.028306
7.831541
-0.602426
-11.245289
5.823453
7.229114
-10.642862
0.401617
10.843672
-4.618601
-6.024262
10.442054
0.401617
-9.839628
7.429923
7.229114
-9.237202
-1.807279
8.835584
-4.417792
-9.036393
11.646906
0.602426
-12.851759
5.421836
5.221027
-10.040437
-0.803235
13.454185
-4.216983
-8.032350
10.642862
-0.401617
-11.044480
6.626688
6.024262
-10.040437
-2.208896
12.249332
-7.429923
-9.237202
9.438010
0.803235
-11.446097
9.638819
7.630732
-10.442054
3.614557
10.241245
-4.016175
-6.827497
8.835584
-2.008087
-14.056611
5.823453
6.827497
-9.638819
0.401617
9.036393
-7.831541
-6.024262
11.446097
1.405661
-8.233158
5.421836
6.626688
-9.638819
1.606470
10.040437
-5.421836
