-19.478447
3.815366
0.000000
0.000000
0.000000
0.000000
0.000000
0.000000
0.000000
0.000000
0.000000
0.000000
0.000000
0.000000
0.000000
0.000000
0.000000
0.000000
0.000000
0.000000
0.000000
0.000000
0.000000
0.000000
0.000000
0.000000
0.000000
0.000000
0.000000
0.000000
0.000000
0.000000
0.000000
0.000000
0.000000
0.000000
0.000000
0.000000
0.000000
0.000000
0.000000
0.000000
0.000000
0.000000
0.000000
0.000000
0.000000
0.000000
0.000000
0.000000
0.000000
0.000000
0.000000
0.000000
0.000000
0.000000
0.000000
0.000000
0.000000
0.000000
0.000000
0.000000
0.000000
0.000000
0.000000
0.000000
0.000000
0.000000
0.000000
0.000000
0.000000
0.000000
0.000000
0.000000
0.000000
0.000000
0.000000
0.000000
0.000000
0.000000
0.000000
0.000000
0.000000
0.000000
0.000000
0.000000
0.000000
0.000000
0.000000
0.000000
0.000000
0.000000
0.000000
0.000000
0.000000
0.000000
0.000000
0.000000
0.000000
0.000000
0.000000
0.000000
0.000000
0.000000
0.000000
0.000000
0.000000
0.000000
0.000000
0.000000
0.000000
0.000000
0.000000
0.000000
0.000000
0.000000
0.000000
0.000000
0.000000
0.000000
0.000000
0.000000
0.000000
0.000000
0.000000
0.000000
0.000000
0.000000
0.000000
0.000000
0.000000
0.000000
0.000000
0.000000
0.000000
0.000000
0.000000
0.000000
0.000000
0.000000
0.000000
0.000000
0.000000
0.000000
0.000000
0.000000
0.000000
0.000000
0.000000
0.000000
0.000000
0.000000
0.000000
0.000000
0.000000
0.000000
0.000000
0.000000
0.000000
0.000000
0.000000
0.000000
0.000000
0.000000
0.000000
0.000000
0.000000
0.000000
0.000000
0.000000
0.000000
0.000000
0.000000
0.000000
0.000000
0.000000
0.000000
0.000000
0.000000
0.000000
0.000000
0.000000
0.000000
0.000000
0.000000
0.000000
0.000000
0.000000
0.000000
0.000000
0.000000
0.000000
0.000000
0.000000
0.000000
0.000000
0.000000
0.000000
0.000000
0.000000
0.000000
0.000000
17.269550
-15.060655
-3.413749
17.871977
-7.429923
-16.265507
13.654994
3.012131
-21.687344
5.020218
15.060655
-16.867933
-5.823453
18.474403
-6.425879
-15.462273
18.474403
5.221027
-18.876020
6.626688
15.663081
-16.064699
-3.614557
17.871977
-6.626688
-18.675213
16.867933
3.413749
-17.871977
8.032350
17.671167
-15.462273
-4.016175
17.671167
-8.433967
-18.474403
15.060655
3.815366
-19.478447
6.225070
12.048524
-19.679256
-8.032350
19.076830
-6.827497
-11.847715
15.863890
3.815366
-22.691387
4.016175
12.450141
-18.273594
-5.823453
17.671167
-11.446097
-14.859846
13.454185
4.618601
-20.281681
7.229114
14.659038
-16.064699
-5.622644
18.675213
-8.835584
-12.048524
19.277637
8.634775
-16.667124
6.425879
12.048524
-20.683300
-5.622644
18.474403
-6.425879
-10.442054
15.261463
3.012131
-20.482491
2.610513
13.654994
-17.470360
-5.823453
18.273594
-8.634775
-14.257420
15.663081
5.622644
-18.876020
5.823453
14.257420
-19.277637
-4.417792
19.277637
-7.831541
-13.454185
15.261463
4.216983
-19.478447
5.622644
12.851759
-17.671167
-4.216983
22.490578
-5.020218
-14.056611
18.072786
4.819409
-19.076830
8.233158
14.458228
-16.667124
-2.811322
18.675213
-7.028306
-18.675213
13.654994
1.606470
-20.683300
5.823453
16.867933
-17.671167
-0.200809
19.679256
-5.421836
-16.265507
13.052567
2.610513
-22.088961
6.626688
14.056611
-17.671167
-5.221027
19.880064
-8.835584
-15.663081
16.867933
4.417792
-19.277637
9.638819
14.859846
-14.859846
-1.807279
22.691387
-7.028306
-14.056611
14.659038
2.811322
-19.277637
8.233158
15.060655
-16.064699
-2.208896
21.687344
-5.622644
-11.446097
15.663081
5.221027
-19.679256
8.233158
12.249332
-18.273594
-6.024262
18.072786
-6.425879
-16.265507
14.859846
1.606470
-21.687344
7.429923
14.659038
-18.876020
-5.020218
17.068743
-10.241245
-16.265507
15.060655
5.622644
-19.679256
11.446097
15.863890
-19.679256
-5.221027
15.863890
-10.642862
-15.261463
14.458228
2.008087
-21.285725
9.839628
14.859846
-12.048524
-3.212940
22.691387
-7.831541
-12.650950
15.261463
3.815366
-19.478447
10.843672
17.671167
-14.659038
-2.610513
17.470360
-11.044480
-15.462273
13.654994
5.221027
-21.084917
7.831541
12.650950
-20.683300
-8.032350
15.663081
-11.044480
-13.855803
15.863890
4.417792
-23.093004
6.626688
11.646906
-15.863890
-3.614557
21.687344
-7.429923
-14.257420
16.667124
3.815366
-21.084917
8.233158
14.458228
-16.466316
-1.606470
21.285725
-7.229114
-11.847715
18.072786
4.618601
-18.675213
8.233158
15.261463
-14.659038
0.200809
23.896238
-5.221027
-10.843672
17.671167
4.819409
-21.687344
8.433967
15.261463
-17.470360
0.602426
19.679256
-6.425879
-15.663081
17.068743
3.012131
-18.273594
8.835584
15.663081
-17.470360
-2.409705
19.880064
-8.233158
-13.052567
16.667124
4.417792
-18.474403
8.032350
14.458228
-17.871977
-2.008087
17.671167
-7.831541
-15.261463
16.064699
3.012131
-19.880064
9.638819
15.060655
-16.265507
0.000000
19.679256
-6.425879
-14.458228
18.474403
0.200809
-16.667124
8.634775
16.064699
-14.257420
-0.803235
21.687344
-5.221027
-13.052567
18.876020
3.212940
-18.474403
9.638819
14.859846
-17.068743
-2.008087
19.478447
-9.438010
-13.855803
16.667124
2.008087
-17.470360
8.835584
15.060655
-19.679256
-3.212940
16.466316
-10.442054
-13.654994
15.663081
2.208896
-18.273594
9.638819
13.654994
-16.466316
-6.024262
19.277637
-10.241245
-11.446097
20.080873
5.823453
-15.663081
9.036393
12.249332
-19.277637
-7.630732
18.474403
-11.646906
-12.249332
17.068743
0.803235
-20.080873
6.024262
12.450141
-16.466316
-5.622644
18.072786
-12.048524
-15.060655
15.462273
0.200809
-20.683300
9.036393
13.654994
-14.659038
-2.208896
21.888151
-6.225070
-9.839628
19.478447
6.024262
-21.687344
6.225070
8.634775
-18.675213
-3.012131
21.285725
-5.622644
-12.048524
18.876020
6.024262
-20.080873
8.835584
12.048524
-19.277637
-5.221027
16.466316
-11.446097
-13.654994
15.462273
2.208896
-20.281681
7.229114
12.249332
-17.470360
-3.413749
19.679256
-10.241245
-11.646906
15.863890
3.012131
-19.880064
7.630732
11.847715
-18.876020
-2.208896
19.076830
-8.634775
-13.052567
16.867933
0.602426
-19.478447
5.823453
12.650950
-18.474403
-3.413749
21.888151
-8.835584
-13.654994
16.265507
-0.200809
-23.093004
11.044480
12.851759
-13.052567
-0.803235
20.884108
-9.036393
-16.867933
14.458228
0.401617
-22.088961
11.044480
13.253376
-16.466316
-0.401617
19.478447
-9.638819
-12.048524
17.671167
6.626688
-15.060655
15.261463
18.474403
-18.072786
0.602426
15.863890
-8.433967
-12.851759
21.687344
2.409705
-16.667124
11.044480
13.052567
-16.064699
-0.602426
18.474403
-7.028306
-12.249332
17.269550
3.212940
-16.265507
10.241245
15.261463
-17.068743
-3.815366
19.277637
-9.839628
-13.454185
18.072786
2.811322
-19.478447
10.642862
11.847715
-19.076830
-3.815366
16.466316
-12.249332
-13.654994
17.671167
2.008087
-19.478447
10.843672
10.442054
-15.462273
-2.811322
20.683300
-8.032350
-9.638819
18.474403
1.606470
-19.880064
5.421836
11.646906
-18.273594
-1.807279
19.679256
-8.433967
-14.458228
17.269550
1.606470
-20.482491
10.442054
10.442054
-19.478447
-3.614557
19.679256
-8.634775
-9.036393
20.281681
5.020218
-17.671167
11.646906
13.654994
-17.470360
-0.803235
19.076830
-10.642862
-11.847715
18.675213
6.225070
-20.281681
9.638819
11.044480
-18.876020
-2.208896
20.884108
-8.634775
-11.245289
20.884108
4.216983
-18.876020
10.040437
11.847715
-16.667124
-1.807279
22.088961
-8.433967
-11.044480
20.080873
1.807279
-19.478447
9.036393
14.659038
-16.667124
-0.803235
21.285725
-11.044480
-11.446097
18.675213
2.610513
-20.683300
9.237202
13.855803
-17.470360
-0.602426
19.880064
-12.650950
-12.650950
14.859846
3.212940
-22.088961
9.839628
13.253376
-19.679256
0.000000
17.871977
-9.438010
-14.659038
18.675213
3.413749
-22.088961
12.450141
11.646906
-18.876020
-0.200809
20.884108
-8.634775
-9.839628
19.076830
2.008087
-19.076830
7.028306
15.060655
-19.679256
0.200809
20.080873
-10.442054
-12.249332
18.876020
6.024262
-17.068743
13.654994
15.863890
-16.867933
0.803235
21.888151
-8.634775
-12.650950
18.675213
2.610513
-18.273594
10.642862
16.265507
-18.876020
-1.204852
21.285725
-10.241245
-11.446097
21.084917
0.602426
-19.076830
9.036393
10.241245
-20.281681
-1.807279
19.478447
-9.638819
-8.433967
16.667124
3.012131
-20.884108
9.237202
13.654994
-20.281681
-1.204852
17.068743
-12.048524
-15.462273
14.257420
-1.405661
-23.093004
8.835584
11.646906
-19.277637
-4.216983
18.876020
-12.048524
-13.654994
17.671167
2.811322
-18.273594
11.245289
15.863890
-21.285725
-3.815366
18.072786
-13.052567
-11.245289
19.880064
4.417792
-18.474403
12.249332
12.851759
-19.076830
-2.008087
19.880064
-11.245289
-14.458228
16.265507
-1.204852
-21.687344
10.241245
14.056611
-20.482491
-1.606470
17.470360
-14.257420
-13.052567
16.667124
2.208896
-20.281681
11.245289
11.847715
-19.880064
-0.602426
18.273594
-10.642862
-13.654994
18.273594
3.212940
-19.478447
10.843672
13.253376
-21.084917
-1.405661
21.084917
-11.646906
-9.638819
16.667124
0.803235
-21.285725
9.237202
11.847715
-16.466316
-1.606470
19.478447
-10.040437
-12.048524
18.675213
4.216983
-20.884108
9.839628
9.036393
-17.671167
-2.008087
21.687344
-10.442054
-13.052567
15.863890
0.602426
-20.080873
10.642862
13.454185
-16.466316
0.000000
22.892195
-11.446097
-9.638819
17.671167
5.221027
-20.884108
12.249332
11.847715
-19.478447
0.000000
18.474403
-11.245289
-10.040437
20.884108
3.012131
-15.060655
11.446097
16.867933
-14.859846
3.012131
20.884108
-8.032350
-12.450141
19.679256
1.204852
-19.679256
13.454185
12.450141
-17.068743
-1.004044
18.876020
-12.851759
-13.052567
17.269550
0.401617
-16.667124
13.654994
14.257420
-15.060655
-1.807279
20.683300
-9.638819
-11.646906
19.478447
3.413749
-21.486534
14.458228
10.843672
-18.072786
-3.212940
17.671167
-14.859846
-12.450141
17.068743
2.811322
-17.068743
13.052567
11.847715
-17.671167
-4.016175
18.474403
-12.450141
-13.454185
20.281681
1.004044
-16.466316
9.438010
13.253376
-20.683300
-1.004044
18.072786
-11.446097
-13.454185
19.277637
1.405661
-16.064699
11.847715
14.257420
-19.277637
-3.614557
17.871977
-14.659038
-12.650950
17.470360
0.803235
-20.080873
9.036393
9.839628
-22.088961
-5.020218
16.466316
-15.462273
-12.650950
15.060655
-0.602426
-22.088961
8.233158
11.044480
-20.281681
-3.413749
16.466316
-14.659038
-13.855803
16.466316
-0.401617
-22.088961
9.237202
9.839628
-17.671167
0.803235
21.084917
-9.839628
-11.245289
19.076830
-1.606470
-17.470360
7.831541
13.454185
-20.482491
-1.405661
19.880064
-13.454185
-12.249332
17.470360
-1.606470
-19.880064
10.040437
11.044480
-20.482491
-2.008087
18.474403
-11.245289
-11.446097
18.675213
-0.200809
-20.884108
11.245289
10.241245
-17.470360
-1.405661
20.683300
-10.040437
-10.442054
18.072786
2.008087
-22.289768
10.040437
10.040437
-19.679256
-0.602426
21.285725
-11.646906
-11.044480
18.273594
2.008087
-18.474403
12.048524
13.454185
-21.687344
2.208896
15.863890
-9.438010
-15.060655
18.474403
-0.602426
-19.478447
10.442054
13.052567
-20.884108
-0.602426
18.273594
-14.056611
-13.454185
14.659038
-1.004044
-19.277637
10.442054
15.663081
-20.683300
-1.204852
15.663081
-12.851759
-14.659038
20.482491
-1.004044
-20.482491
11.245289
8.634775
-18.675213
-3.012131
20.080873
-12.249332
-10.642862
19.277637
2.208896
-20.482491
11.847715
9.638819
-20.080873
-2.008087
17.068743
-15.462273
-14.257420
16.265507
-1.204852
-20.884108
12.650950
10.241245
-16.867933
1.405661
18.675213
-12.249332
-10.442054
18.474403
0.602426
-20.482491
8.433967
12.450141
-21.687344
1.204852
18.474403
-12.450141
-11.044480
18.474403
2.610513
-19.679256
13.253376
11.847715
-17.068743
-0.602426
20.683300
-10.241245
-13.253376
20.080873
0.401617
-19.478447
12.048524
10.241245
-19.277637
0.602426
19.478447
-10.040437
-12.048524
18.273594
0.000000
-18.273594
13.654994
15.060655
-16.466316
2.811322
20.482491
-10.442054
-11.446097
17.671167
-2.008087
-19.679256
9.438010
13.855803
-19.277637
3.212940
20.281681
-12.048524
-12.450141
17.671167
-0.401617
-18.072786
12.249332
10.442054
-18.072786
-0.602426
20.281681
-10.040437
-10.040437
22.289768
1.004044
-18.072786
10.442054
11.044480
-19.478447
2.008087
19.277637
-11.044480
-13.052567
17.470360
-1.606470
-17.068743
12.249332
15.060655
-18.474403
-1.204852
18.474403
-15.060655
-11.646906
16.064699
0.401617
-21.285725
11.646906
12.450141
-19.478447
-0.200809
18.273594
-12.650950
-12.249332
21.285725
0.602426
-15.863890
13.654994
11.847715
-18.474403
-1.807279
15.060655
-13.052567
-13.454185
18.072786
0.803235
-18.675213
14.458228
13.654994
-19.076830
-0.803235
14.859846
-13.454185
-10.843672
21.687344
4.016175
-16.466316
14.458228
13.654994
-20.683300
2.008087
19.277637
-11.446097
-11.646906
20.281681
-2.610513
-16.667124
10.442054
14.859846
-20.482491
1.204852
17.269550
-13.253376
-12.450141
19.277637
-1.606470
-19.478447
9.438010
9.237202
-19.880064
-1.807279
16.265507
-14.257420
-14.659038
16.466316
0.200809
-19.679256
14.859846
13.654994
-17.671167
0.602426
18.072786
-13.052567
-12.450141
22.088961
-0.200809
-17.470360
12.249332
11.446097
-19.679256
3.815366
21.888151
-8.835584
-9.036393
19.478447
-0.602426
-20.884108
9.438010
10.843672
-19.277637
2.610513
21.687344
-11.044480
-9.438010
19.277637
2.409705
-18.675213
12.249332
11.646906
-18.675213
2.811322
18.675213
-11.847715
-13.654994
16.867933
-0.803235
-18.273594
12.851759
11.847715
-17.671167
1.004044
19.880064
-9.237202
-12.650950
20.080873
-1.606470
-16.867933
15.060655
12.249332
-19.277637
-0.602426
15.060655
-13.454185
-12.249332
16.265507
-1.405661
-17.871977
12.450141
9.839628
-18.675213
-2.610513
17.871977
-13.454185
-13.253376
15.863890
-1.606470
-19.277637
14.859846
15.060655
-16.064699
2.409705
20.281681
-10.040437
-9.036393
22.691387
-0.401617
-17.269550
9.839628
10.642862
-19.076830
1.606470
19.076830
-12.851759
-12.450141
17.470360
-3.614557
-17.671167
10.040437
10.442054
-20.482491
1.204852
18.474403
-13.052567
-9.036393
18.675213
0.602426
-14.859846
15.261463
14.257420
-18.072786
0.803235
18.273594
-14.257420
-8.835584
19.880064
0.200809
-17.470360
11.446097
10.040437
-21.687344
-0.200809
16.667124
-13.253376
-11.847715
19.076830
-3.413749
-18.675213
11.245289
11.044480
-18.273594
0.803235
20.482491
-12.851759
-8.032350
17.671167
-2.811322
-18.273594
10.442054
14.056611
-18.876020
2.409705
18.072786
-11.847715
-10.642862
22.490578
0.803235
-17.269550
11.646906
10.040437
-21.486534
0.803235
18.474403
-13.454185
-10.040437
17.068743
0.602426
-19.880064
11.847715
11.446097
-21.285725
1.606470
18.273594
-11.646906
-11.446097
20.482491
-1.405661
-17.671167
11.847715
10.040437
-22.691387
-2.008087
15.462273
-16.667124
-10.843672
15.462273
-1.606470
-20.080873
12.851759
12.650950
-17.871977
2.610513
15.863890
-12.650950
-13.052567
19.076830
-2.409705
-16.265507
10.843672
11.847715
-17.470360
1.606470
21.687344
-10.843672
-10.642862
17.871977
-0.401617
-19.679256
15.462273
10.642862
-19.277637
2.008087
17.671167
-10.843672
-8.433967
19.880064
-0.803235
-17.871977
13.454185
12.851759
-16.867933
3.212940
20.683300
-12.650950
-10.241245
19.076830
-2.208896
-21.285725
12.650950
8.634775
-20.281681
0.803235
17.671167
-13.654994
-10.843672
21.888151
-0.803235
-15.663081
13.253376
12.450141
-18.273594
4.417792
20.281681
-10.040437
-8.835584
18.876020
-2.208896
-19.478447
13.253376
12.048524
-18.273594
1.204852
18.072786
-13.454185
-8.233158
21.285725
0.803235
-16.265507
13.052567
13.253376
-19.277637
3.614557
19.076830
-14.659038
-10.241245
17.671167
-2.208896
-16.867933
12.851759
11.446097
-20.080873
0.200809
17.068743
-14.056611
-9.237202
17.671167
0.401617
-17.671167
12.450141
10.442054
-19.679256
-0.401617
20.080873
-13.855803
-10.241245
18.675213
-0.602426
-17.269550
16.466316
10.642862
-20.482491
1.405661
17.470360
-12.650950
-7.429923
18.273594
-1.405661
-19.880064
10.843672
10.040437
-19.478447
2.610513
18.474403
-12.851759
-10.241245
19.076830
-1.807279
-20.482491
8.835584
6.024262
-23.093004
0.401617
19.679256
-10.642862
-8.433967
20.482491
-1.606470
-18.273594
13.454185
13.253376
-18.273594
3.012131
16.867933
-14.056611
-11.245289
16.466316
0.803235
-22.691387
13.052567
5.622644
-24.097048
1.204852
16.064699
-12.249332
-11.245289
16.466316
-3.012131
-19.277637
13.052567
7.630732
-20.080873
1.405661
19.076830
-11.446097
-10.442054
17.871977
-3.614557
-19.679256
11.245289
9.237202
-19.880064
2.208896
19.076830
-13.454185
-9.438010
17.470360
0.401617
-19.478447
13.855803
8.835584
-20.884108
0.803235
15.663081
-13.855803
-14.458228
19.076830
-5.823453
-19.478447
10.843672
9.438010
-18.072786
2.610513
18.273594
-15.663081
-13.052567
18.072786
-2.409705
-16.667124
15.462273
10.843672
-18.072786
3.815366
18.474403
-12.249332
-10.241245
20.281681
-2.008087
-16.265507
13.454185
10.843672
-18.273594
4.618601
19.679256
-11.446097
-8.835584
19.277637
-2.208896
-17.470360
12.851759
11.245289
-20.482491
1.004044
16.867933
-15.663081
-9.638819
20.884108
-4.417792
-15.060655
12.048524
10.843672
-20.884108
1.004044
17.068743
-13.454185
-9.036393
20.683300
0.000000
-17.068743
14.257420
8.835584
-21.888151
2.008087
15.060655
-14.659038
-12.048524
16.265507
-1.405661
-18.876020
13.052567
11.044480
-20.884108
2.409705
18.474403
-13.454185
-8.835584
20.482491
-1.606470
-18.675213
13.454185
8.032350
-20.281681
0.803235
20.080873
-14.056611
-7.630732
16.667124
-4.618601
-21.285725
12.851759
11.245289
-19.880064
2.208896
16.867933
-16.265507
-11.044480
17.269550
-4.417792
-21.285725
12.249332
8.433967
-20.683300
2.811322
15.863890
-16.064699
-12.851759
18.675213
-5.622644
-20.281681
10.843672
8.233158
-17.871977
4.819409
21.285725
-13.052567
-7.831541
20.884108
-1.807279
-17.269550
11.245289
8.835584
-21.084917
2.409705
18.474403
-15.462273
-9.839628
18.474403
-5.622644
-20.281681
11.847715
8.233158
-17.470360
2.409705
19.478447
-15.261463
-9.638819
17.470360
-3.212940
-21.687344
13.052567
9.438010
-19.880064
1.405661
16.867933
-16.466316
-9.839628
19.076830
-2.811322
-16.466316
14.458228
11.847715
-18.072786
4.216983
15.261463
-14.859846
-13.855803
16.667124
-4.417792
-19.478447
13.855803
8.835584
-18.876020
3.815366
16.265507
-14.056611
-10.843672
17.068743
-2.811322
-18.675213
15.261463
10.442054
-17.871977
2.811322
16.667124
-14.859846
-10.843672
19.277637
-3.413749
-17.269550
13.052567
8.634775
-19.478447
-0.602426
21.486534
-16.466316
-7.630732
18.273594
-4.819409
-16.667124
14.056611
12.048524
-19.478447
1.405661
17.269550
-16.466316
-7.831541
19.478447
-0.200809
-14.859846
16.064699
11.044480
-18.876020
3.012131
18.072786
-12.650950
-8.233158
18.876020
-1.405661
-17.671167
14.056611
11.044480
-21.285725
3.413749
16.064699
-13.454185
-9.638819
21.084917
-1.405661
-17.671167
15.462273
9.438010
-20.281681
3.212940
18.675213
-15.060655
-6.827497
19.880064
-1.405661
-16.466316
14.458228
10.040437
-17.871977
1.606470
21.285725
-11.446097
-4.216983
24.297857
-0.200809
-17.671167
15.261463
8.233158
-16.867933
4.819409
19.076830
-12.048524
-7.229114
18.273594
-2.008087
-17.470360
16.466316
11.245289
-17.871977
3.413749
16.667124
-12.048524
-8.032350
20.683300
0.401617
-18.675213
16.466316
9.036393
-19.478447
5.823453
22.490578
-10.040437
-2.409705
21.285725
0.000000
-17.269550
13.654994
11.245289
-19.076830
5.823453
21.486534
-13.454185
-6.425879
18.675213
-0.602426
-18.273594
18.876020
10.442054
-16.064699
3.614557
19.880064
-14.458228
-8.433967
18.675213
-2.208896
-20.080873
14.056611
9.438010
-21.687344
1.004044
16.265507
-17.068743
-11.044480
18.876020
-4.016175
-16.265507
16.867933
14.257420
-12.851759
8.233158
22.088961
-11.847715
-8.634775
21.084917
-2.409705
-14.859846
15.663081
12.249332
-17.269550
3.614557
21.084917
-16.064699
-8.835584
19.277637
-3.212940
-16.867933
18.876020
10.642862
-18.474403
2.610513
17.871977
-13.253376
-6.425879
22.892195
-4.016175
-16.064699
14.659038
9.237202
-19.277637
1.204852
16.265507
-17.269550
-9.237202
19.679256
-5.020218
-16.667124
13.654994
8.233158
-22.289768
1.807279
15.060655
-16.867933
-9.036393
20.884108
-1.807279
-13.052567
16.867933
12.249332
-19.076830
3.413749
17.871977
-14.859846
-5.020218
21.285725
-1.004044
-15.663081
13.052567
10.642862
-20.281681
5.421836
18.876020
-12.851759
-8.835584
20.482491
-5.221027
-17.269550
13.253376
7.831541
-21.285725
3.212940
17.470360
-14.859846
-8.032350
18.072786
-3.012131
-19.478447
15.261463
7.831541
-20.683300
2.008087
14.056611
-17.470360
-11.446097
19.277637
-9.237202
-21.687344
12.851759
5.221027
-20.080873
3.413749
13.052567
-16.064699
-10.040437
19.679256
-3.012131
-18.474403
16.064699
8.032350
-21.285725
5.020218
14.659038
-15.261463
-8.032350
17.269550
-2.208896
-20.683300
12.650950
7.630732
-23.896238
5.421836
13.654994
-17.269550
-11.044480
17.671167
-4.618601
-17.671167
16.265507
8.835584
-20.482491
5.622644
16.466316
-15.060655
-7.831541
20.482491
-3.614557
-17.470360
14.458228
5.421836
-23.494621
3.212940
17.671167
-18.072786
-6.827497
18.072786
-5.823453
-16.265507
14.056611
7.630732
-21.285725
6.425879
18.876020
-14.659038
-6.225070
20.281681
-3.012131
-15.462273
18.072786
8.433967
-18.675213
7.429923
22.088961
-11.847715
-3.815366
20.080873
-4.216983
-15.261463
14.859846
10.843672
-20.482491
6.024262
18.273594
-15.663081
-8.634775
17.068743
-7.630732
-16.667124
14.859846
7.028306
-20.683300
2.610513
13.454185
-16.466316
-10.442054
16.466316
-7.630732
-18.273594
12.450141
8.032350
-21.888151
4.417792
15.261463
-14.458228
-8.032350
17.871977
-6.827497
-20.281681
13.253376
4.417792
-20.080873
3.614557
15.060655
-15.261463
-8.233158
16.064699
-6.626688
-18.474403
12.650950
8.032350
-20.080873
6.827497
14.257420
-14.257420
-9.638819
17.068743
-4.819409
-17.871977
12.450141
6.827497
-19.880064
6.827497
17.470360
-11.446097
-7.429923
21.084917
-5.622644
-14.859846
12.450141
9.237202
-19.076830
6.225070
16.667124
-15.261463
-10.040437
17.470360
-4.819409
-18.273594
15.663081
7.028306
-18.273594
5.823453
15.663081
-15.060655
-8.634775
16.867933
-4.417792
-17.470360
12.450141
7.229114
-22.892195
2.409705
13.052567
-16.867933
-10.843672
15.663081
-9.237202
-17.269550
12.450141
9.638819
-18.072786
3.212940
16.867933
-14.659038
-8.634775
20.281681
-6.024262
-17.068743
13.654994
8.433967
-19.076830
5.622644
18.675213
-11.847715
-5.823453
21.486534
-5.823453
-16.867933
13.454185
9.036393
-19.880064
6.024262
17.871977
-13.855803
-6.225070
17.470360
-4.216983
-16.667124
17.470360
11.646906
-18.072786
3.815366
14.859846
-16.265507
-5.622644
22.088961
-1.807279
-13.454185
16.667124
11.245289
-16.667124
7.630732
15.462273
-15.261463
-9.237202
16.667124
-7.229114
-20.080873
13.654994
7.229114
-17.671167
7.229114
16.466316
-14.659038
-8.835584
17.068743
-7.429923
-17.671167
10.843672
7.429923
-20.080873
3.614557
18.876020
-17.269550
-6.024262
16.466316
-5.221027
-16.867933
11.847715
9.237202
-22.289768
5.221027
16.064699
-14.458228
-8.433967
21.084917
-4.819409
-17.871977
13.052567
5.020218
-21.888151
6.425879
18.474403
-13.454185
-6.626688
17.470360
-4.819409
-18.072786
15.060655
7.429923
-18.072786
6.626688
19.880064
-12.450141
-5.823453
19.277637
-3.212940
-16.867933
15.663081
6.024262
-20.683300
3.012131
16.265507
-13.052567
-6.827497
21.888151
-4.819409
-16.867933
12.650950
7.229114
-18.675213
5.823453
17.068743
-14.659038
-9.237202
20.080873
-3.614557
-14.458228
15.462273
8.835584
-19.277637
6.225070
18.072786
-12.851759
-5.421836
19.277637
-5.020218
-17.269550
13.052567
7.028306
-20.482491
7.028306
15.863890
-12.450141
-7.831541
19.478447
-3.815366
-14.859846
13.253376
10.040437
-23.093004
8.634775
15.663081
-11.847715
-6.024262
21.687344
-2.610513
-13.253376
13.253376
9.839628
-19.277637
7.831541
20.080873
-13.855803
-5.622644
19.076830
-4.417792
-16.667124
15.462273
8.634775
-17.269550
7.028306
16.867933
-14.659038
-9.438010
20.482491
-5.221027
-14.257420
11.245289
6.225070
-21.486534
4.819409
19.277637
-12.851759
-6.626688
20.482491
-7.831541
-16.867933
13.654994
9.237202
-17.671167
10.040437
16.265507
-15.060655
-6.425879
18.876020
-4.016175
-13.454185
16.064699
7.229114
-17.871977
3.012131
16.867933
-15.261463
-7.028306
19.679256
-2.409705
-16.064699
16.265507
8.032350
-20.884108
7.630732
13.253376
-15.663081
-10.442054
18.273594
-6.626688
-13.253376
17.269550
9.036393
-16.667124
4.618601
18.474403
-12.650950
-6.024262
20.683300
-5.823453
-18.273594
15.863890
7.429923
-17.671167
6.024262
18.273594
-15.261463
-6.024262
17.269550
-7.630732
-17.068743
12.650950
8.032350
-17.269550
3.012131
17.671167
-16.867933
-5.622644
19.478447
-3.212940
-14.859846
15.261463
8.233158
-17.671167
6.827497
16.667124
-16.466316
-9.237202
17.068743
-8.233158
-16.466316
11.446097
6.024262
-22.289768
6.626688
15.060655
-12.450141
-7.028306
19.478447
-5.221027
-17.269550
11.044480
5.221027
-22.691387
4.016175
17.068743
-14.659038
-6.425879
19.679256
-4.016175
-16.064699
15.663081
6.225070
-19.478447
2.610513
15.663081
-17.269550
-5.622644
17.671167
-4.417792
-16.466316
15.663081
8.433967
-17.269550
5.020218
15.462273
-15.462273
-6.626688
20.683300
-6.225070
-16.466316
12.450141
5.421836
-18.474403
7.831541
18.072786
-13.253376
-6.024262
20.482491
-4.618601
-11.044480
14.458228
10.040437
-18.273594
6.225070
18.876020
-12.851759
-4.216983
22.289768
-2.610513
-12.650950
16.064699
7.028306
-21.285725
4.618601
14.659038
-15.863890
-8.233158
20.482491
-5.622644
-13.052567
16.265507
8.233158
-20.281681
3.614557
16.064699
-15.663081
-6.425879
21.888151
-5.221027
-16.667124
14.659038
7.831541
-19.679256
6.626688
15.863890
-13.253376
-5.221027
22.289768
-6.626688
-17.470360
13.654994
6.827497
-16.466316
8.433967
17.871977
-14.659038
-6.425879
15.663081
-4.417792
-19.679256
16.064699
5.020218
-21.084917
6.024262
17.269550
-15.663081
-5.421836
19.076830
-6.225070
-15.060655
14.859846
6.827497
-16.867933
8.433967
17.871977
-16.265507
-8.433967
17.871977
-4.417792
-14.056611
17.068743
7.028306
-19.880064
5.421836
15.060655
-14.458228
-3.413749
20.281681
-4.819409
-15.462273
12.249332
5.421836
-19.679256
4.417792
16.466316
-16.064699
-6.024262
19.478447
-5.221027
-14.257420
14.056611
6.626688
-18.474403
5.421836
17.068743
-16.064699
-7.831541
17.068743
-5.020218
-18.072786
14.659038
7.229114
-21.687344
5.421836
15.060655
-15.462273
-6.626688
21.888151
-4.016175
-15.863890
14.859846
6.024262
-19.679256
5.823453
15.863890
-16.064699
-7.831541
20.080873
-6.626688
-17.269550
14.859846
6.626688
-19.679256
7.229114
17.068743
-15.863890
-2.811322
19.880064
-4.819409
-15.261463
12.650950
4.216983
-22.691387
4.417792
16.265507
-15.663081
-5.020218
17.871977
-7.831541
-14.859846
14.257420
6.626688
-18.273594
4.016175
15.261463
-15.663081
-5.823453
17.871977
-6.225070
