79.721069
-27.912413
0.000000
0.000000
0.000000
0.000000
0.000000
0.000000
0.000000
0.000000
0.000000
0.000000
0.000000
0.000000
0.000000
0.000000
0.000000
0.000000
0.000000
0.000000
0.000000
0.000000
0.000000
0.000000
0.000000
0.000000
0.000000
0.000000
0.000000
0.000000
0.000000
0.000000
0.000000
0.000000
0.000000
0.000000
0.000000
0.000000
0.000000
0.000000
0.000000
0.000000
0.000000
0.000000
0.000000
0.000000
0.000000
0.000000
0.000000
0.000000
0.000000
0.000000
0.000000
0.000000
0.000000
0.000000
0.000000
0.000000
0.000000
0.000000
0.000000
0.000000
0.000000
0.000000
0.000000
0.000000
0.000000
0.000000
0.000000
0.000000
0.000000
0.000000
0.000000
0.000000
0.000000
0.000000
0.000000
0.000000
0.000000
0.000000
0.000000
0.000000
0.000000
0.000000
0.000000
0.000000
0.000000
0.000000
0.000000
0.000000
0.000000
0.000000
0.000000
0.000000
0.000000
0.000000
0.000000
0.000000
0.000000
0.000000
0.000000
0.000000
0.000000
0.000000
0.000000
0.000000
0.000000
0.000000
0.000000
0.000000
0.000000
0.000000
0.000000
0.000000
0.000000
0.000000
0.000000
0.000000
0.000000
0.000000
0.000000
0.000000
0.000000
0.000000
0.000000
0.000000
0.000000
0.000000
0.000000
0.000000
0.000000
0.000000
0.000000
0.000000
0.000000
0.000000
0.000000
0.000000
0.000000
0.000000
0.000000
0.000000
0.000000
0.000000
0.000000
0.000000
0.000000
0.000000
0.000000
0.000000
0.000000
0.000000
0.000000
0.000000
0.000000
0.000000
0.000000
0.000000
0.000000
0.000000
0.000000
0.000000
0.000000
0.000000
0.000000
0.000000
0.000000
0.000000
0.000000
0.000000
0.000000
0.000000
0.000000
0.000000
0.000000
0.000000
0.000000
0.000000
0.000000
0.000000
0.000000
0.000000
0.000000
0.000000
0.000000
0.000000
0.000000
0.000000
0.000000
0.000000
0.000000
0.000000
0.000000
0.000000
0.000000
0.000000
0.000000
0.000000
0.000000
0.000000
0.000000
0.000000
-52.411079
75.303276
10.241245
-73.696808
42.772259
54.218357
-69.881439
-6.425879
74.901657
-39.960938
-54.619976
68.877396
5.020218
-79.921875
37.149616
47.591671
-72.291145
-9.036393
76.106506
-39.157703
-52.411079
69.479820
5.221027
-78.717026
37.952850
49.800564
-71.487907
-12.048524
73.897614
-42.772259
-55.423210
71.688713
4.216983
-78.917831
40.563362
47.993286
-68.877396
-8.835584
75.905701
-38.756084
-51.206226
73.495995
7.229114
-74.098419
40.362556
51.607845
-70.885483
-7.229114
77.712982
-40.161747
-50.603802
73.094376
7.028306
-75.303276
44.378731
49.599758
-68.877396
-3.413749
76.708939
-37.752041
-47.390862
74.500038
9.237202
-74.700851
40.563362
50.202183
-73.094376
-5.823453
72.893570
-40.964981
-53.615932
71.086288
4.417792
-80.725113
38.153660
45.583580
-73.495995
-7.630732
76.909744
-42.973068
-53.816738
72.692757
1.807279
-75.102463
39.960938
47.993286
-73.696808
-9.638819
73.696808
-42.772259
-53.214314
73.495995
3.815366
-77.913788
40.764172
49.398949
-71.889526
-6.626688
76.708939
-43.374687
-48.997330
73.094376
6.827497
-76.909744
42.169834
48.595715
-71.487907
-8.634775
77.512169
-43.173878
-50.202183
73.696808
7.229114
-74.700851
45.181965
51.206226
-70.885483
-5.020218
78.917831
-40.362556
-48.394905
74.299232
5.221027
-75.905701
43.173878
50.202183
-70.885483
-2.610513
77.913788
-41.366600
-49.198139
72.090332
5.221027
-74.299232
43.575493
48.796520
-72.090332
-4.819409
75.303276
-39.559319
-50.001373
74.700851
1.405661
-74.299232
43.575493
51.607845
-67.672539
-2.008087
76.106506
-42.571449
-50.804607
71.889526
2.008087
-77.110550
41.768215
48.394905
-72.291145
-4.417792
77.512169
-43.977112
-50.202183
73.094376
2.811322
-73.897614
45.382774
48.394905
-71.287102
-7.229114
75.704895
-45.181965
-52.411079
73.495995
2.008087
-75.905701
43.977112
47.591671
-74.098419
-5.622644
73.295189
-43.374687
-50.804607
75.102463
4.216983
-72.893570
47.390862
49.198139
-70.684669
-3.413749
73.495995
-45.181965
-49.398949
71.487907
3.614557
-76.106506
41.969025
47.190052
-73.897614
-4.417792
75.102463
-45.784389
-48.997330
74.098419
2.008087
-75.504082
43.173878
47.993286
-70.684669
-1.405661
77.512169
-43.575493
-47.792477
72.893570
2.409705
-75.303276
43.374687
46.989243
-72.893570
-4.016175
74.299232
-44.378731
-50.804607
72.291145
-0.200809
-74.901657
46.186008
49.800564
-71.287102
-2.409705
76.307320
-44.177921
-46.788433
72.893570
1.405661
-77.913788
42.772259
45.181965
-73.094376
-2.811322
75.504082
-41.366600
-44.780346
78.516212
5.020218
-72.893570
46.186008
46.989243
-71.086288
-4.016175
73.495995
-46.587624
-47.390862
73.696808
3.212940
-73.897614
46.788433
48.194096
-70.082245
-2.008087
76.106506
-45.181965
-47.993286
75.905701
2.008087
-72.893570
46.788433
48.796520
-70.684669
0.401617
76.708939
-43.776302
-47.190052
74.098419
3.413749
-74.299232
48.796520
46.989243
-71.086288
-1.204852
76.106506
-43.575493
-46.587624
75.303276
3.614557
-70.684669
48.796520
51.808651
-71.889526
-0.200809
77.512169
-44.378731
-43.575493
78.315407
2.208896
-72.893570
45.985199
45.583580
-72.090332
-0.803235
76.708939
-43.776302
-44.780346
76.508125
1.004044
-74.901657
45.181965
44.177921
-72.893570
-2.008087
74.700851
-46.788433
-48.796520
74.299232
-0.401617
-73.897614
47.190052
46.788433
-74.299232
0.401617
71.688713
-45.985199
-49.198139
74.901657
-1.405661
-74.098419
45.985199
45.382774
-73.295189
1.004044
73.897614
-44.981155
-46.386818
74.901657
-1.405661
-74.700851
46.186008
44.579536
-71.487907
1.606470
75.303276
-45.784389
-48.194096
73.495995
-1.807279
-75.102463
48.194096
44.780346
-73.696808
3.012131
75.303276
-45.583580
-43.575493
74.299232
-0.602426
-73.094376
46.386818
45.583580
-74.299232
3.012131
75.704895
-43.776302
-42.973068
76.307320
1.606470
-71.487907
49.800564
46.989243
-73.094376
3.212940
73.897614
-46.186008
-46.386818
73.094376
-3.212940
-74.098419
45.985199
43.977112
-74.299232
2.811322
73.696808
-45.583580
-46.587624
74.700851
-2.409705
-70.283058
49.599758
46.587624
-73.094376
2.208896
72.893570
-45.784389
-45.181965
74.299232
-2.811322
-74.500038
46.186008
42.973068
-74.700851
0.803235
76.307320
-45.985199
-46.186008
75.303276
-5.020218
-73.094376
49.198139
44.780346
-76.106506
2.208896
71.287102
-48.595715
-45.583580
72.291145
-4.417792
-76.307320
47.792477
42.973068
-74.098419
4.819409
73.295189
-47.390862
-44.780346
73.897614
-3.815366
-71.688713
47.993286
45.583580
-75.102463
0.401617
70.283058
-48.595715
-47.390862
77.311363
-3.413749
-73.295189
47.591671
41.165791
-75.905701
1.606470
73.696808
-48.997330
-48.194096
71.688713
-6.827497
-74.500038
50.001373
44.780346
-75.102463
1.807279
69.881439
-52.210270
-47.190052
73.495995
-4.216983
-75.303276
47.390862
41.366600
-74.299232
4.417792
75.704895
-48.796520
-44.981155
75.504082
-5.221027
-74.299232
46.989243
39.960938
-76.508125
1.606470
74.500038
-50.402992
-43.374687
74.299232
-7.229114
-75.905701
48.394905
41.768215
-73.897614
0.401617
71.287102
-54.218357
-45.985199
74.098419
-7.630732
-72.090332
51.206226
42.973068
-71.287102
6.024262
72.893570
-46.989243
-42.169834
76.508125
-3.614557
-70.283058
50.402992
43.374687
-72.893570
6.024262
74.299232
-46.587624
-39.358513
78.717026
-1.807279
-67.471733
52.411079
44.378731
-71.287102
6.425879
73.094376
-45.181965
-38.555275
78.315407
0.803235
-67.070114
53.816738
44.378731
-69.680626
8.233158
72.893570
-42.772259
-34.739910
80.725113
2.610513
-61.849091
52.411079
44.177921
-65.062027
13.052567
76.106506
-40.161747
-31.125353
78.114594
3.614557
-59.841003
52.210270
44.177921
-64.057983
11.847715
74.299232
-35.743954
-31.125353
80.925919
3.614557
-58.636150
54.619976
47.190052
-61.648281
12.851759
74.901657
-39.157703
-30.522926
77.913788
3.012131
-60.041809
50.804607
41.567406
-67.070114
8.032350
73.094376
-42.370644
-35.342335
71.487907
-3.212940
-66.266884
48.595715
40.563362
-67.270927
9.839628
72.491951
-39.559319
-33.133442
75.303276
-3.012131
-61.648281
48.595715
40.764172
-66.467690
8.433967
68.676582
-42.772259
-38.153660
71.487907
-5.823453
-64.459602
48.194096
38.756084
-67.873352
3.413749
67.270927
-48.394905
-39.157703
70.283058
-4.819409
-63.857178
49.198139
42.973068
-65.062027
9.839628
68.877396
-43.173878
-36.547188
72.491951
-2.409705
-66.668495
45.583580
35.543144
-71.287102
5.020218
66.869308
-44.378731
-36.948807
71.287102
-8.634775
-69.479820
40.964981
36.346378
-71.487907
6.024262
65.664452
-48.394905
-38.756084
69.078201
-7.831541
-70.283058
45.382774
33.133442
-70.483864
2.811322
65.262840
-48.394905
-38.354469
70.684669
-7.028306
-69.680626
44.378731
33.535057
-73.495995
1.807279
63.656368
-48.595715
-39.358513
69.881439
-6.024262
-70.082245
43.977112
33.735867
-74.098419
3.614557
64.861221
-48.194096
-41.567406
65.865265
-10.442054
-71.287102
46.386818
35.141529
-72.491951
3.815366
61.648281
-50.402992
-38.756084
68.877396
-7.429923
-68.676582
44.780346
35.141529
-71.688713
4.016175
64.861221
-48.394905
-37.952850
71.487907
-7.831541
-66.066071
46.989243
36.948807
-69.479820
5.421836
62.853134
-48.394905
-41.165791
68.274971
-7.831541
-69.279015
47.390862
34.739910
-70.885483
2.610513
65.062027
-48.394905
-38.153660
70.885483
-10.843672
-73.094376
41.366600
31.526970
-74.098419
3.212940
63.254749
-50.402992
-39.559319
69.279015
-8.433967
-68.274971
45.382774
36.948807
-72.291145
5.823453
64.057983
-51.206226
-42.169834
68.475777
-10.241245
-68.676582
47.591671
33.334248
-74.700851
4.216983
62.451515
-50.804607
-40.362556
68.676582
-8.433967
-68.676582
46.186008
33.133442
-72.291145
6.024262
68.074158
-47.993286
-38.555275
69.479820
-9.036393
-68.676582
47.190052
34.338291
-73.295189
8.433967
64.660408
-46.186008
-39.559319
70.885483
-7.028306
-67.270927
48.997330
35.543144
-72.692757
3.815366
64.660408
-48.595715
-38.153660
71.287102
-9.839628
-70.885483
45.583580
33.133442
-70.283058
5.622644
66.066071
-48.595715
-38.956894
69.078201
-9.638819
-68.676582
50.603802
35.944763
-68.274971
5.421836
63.656368
-50.202183
-38.756084
68.274971
-9.237202
-69.078201
47.190052
34.739910
-71.487907
7.028306
64.459602
-46.989243
-36.547188
72.491951
-6.024262
-66.467690
48.394905
35.743954
-69.881439
9.237202
66.668495
-48.595715
-37.551231
69.680626
-7.028306
-68.676582
48.997330
34.137486
-71.688713
8.032350
64.258797
-48.595715
-38.756084
71.889526
-10.040437
-68.274971
44.780346
32.932632
-73.696808
4.819409
66.668495
-51.206226
-37.551231
68.074158
-9.638819
-69.078201
49.198139
35.342335
-71.086288
7.229114
66.266884
-50.202183
-38.153660
70.885483
-9.237202
-66.869308
48.997330
33.535057
-71.889526
8.835584
66.266884
-48.595715
-38.555275
71.086288
-9.438010
-64.459602
50.804607
36.145573
-70.082245
9.237202
67.270927
-49.599758
-35.743954
69.279015
-11.847715
-65.664452
46.788433
35.743954
-70.684669
8.634775
66.066071
-50.402992
-34.940720
69.279015
-7.429923
-67.070114
49.800564
33.735867
-72.491951
8.032350
64.861221
-49.398949
-34.940720
72.090332
-10.442054
-65.262840
49.800564
34.940720
-69.078201
10.642862
68.274971
-47.993286
-34.137486
71.889526
-10.642862
-68.274971
49.800564
33.334248
-72.090332
7.831541
64.459602
-52.611889
-36.948807
70.684669
-13.855803
-68.877396
46.186008
32.129398
-72.692757
7.831541
63.857178
-52.411079
-35.743954
69.479820
-8.032350
-67.672539
49.800564
33.133442
-73.897614
7.831541
66.266884
-53.013504
-37.149616
68.676582
-13.454185
-66.869308
50.001373
33.936676
-70.684669
10.642862
67.070114
-49.198139
-34.940720
70.684669
-9.839628
-65.062027
52.210270
35.743954
-70.283058
11.245289
65.062027
-47.993286
-32.330204
74.299232
-7.831541
-63.656368
50.804607
34.539101
-70.082245
9.438010
65.664452
-50.202183
-34.137486
73.094376
-9.438010
-65.463646
50.804607
33.334248
-70.885483
12.048524
65.463646
-48.194096
-33.334248
73.094376
-11.446097
-65.463646
48.595715
32.330204
-71.487907
10.642862
66.869308
-50.001373
-34.940720
70.283058
-13.253376
-65.463646
52.611889
35.141529
-67.672539
9.839628
66.668495
-50.202183
-33.535057
71.487907
-11.847715
-66.266884
49.398949
31.928589
-71.889526
8.634775
64.459602
-52.210270
-32.129398
70.483864
-8.634775
-64.861221
52.812695
33.735867
-71.889526
7.630732
63.053940
-52.611889
-34.137486
73.495995
-11.245289
-65.463646
52.210270
31.727779
-71.889526
6.827497
62.049896
-53.816738
-37.350426
71.287102
-12.650950
-64.660408
52.611889
34.940720
-71.889526
13.855803
65.463646
-49.800564
-35.543144
69.078201
-14.056611
-65.664452
52.009460
33.334248
-71.487907
9.638819
63.053940
-51.005417
-34.739910
74.299232
-13.454185
-65.865265
47.591671
28.916456
-72.692757
10.642862
65.062027
-51.407036
-32.330204
70.684669
-11.847715
-67.471733
48.595715
31.526970
-74.098419
9.438010
63.053940
-54.017548
-38.354469
72.090332
-16.867933
-66.266884
48.595715
29.318075
-73.495995
10.241245
64.861221
-51.206226
-31.125353
74.299232
-10.241245
-61.849091
53.615932
33.535057
-70.684669
12.249332
63.455559
-49.599758
-32.731823
75.905701
-9.839628
-63.455559
57.832912
33.133442
-68.274971
13.052567
66.467690
-51.808651
-31.125353
72.491951
-10.241245
-65.463646
53.013504
28.514839
-72.692757
12.450141
64.861221
-49.398949
-32.932632
71.487907
-10.642862
-66.467690
55.222401
31.526970
-71.287102
12.048524
63.455559
-53.415123
-31.928589
72.090332
-12.450141
-64.861221
51.206226
30.723736
-73.696808
13.253376
64.057983
-50.603802
-30.723736
73.897614
-13.253376
-62.853134
51.407036
31.727779
-73.495995
13.454185
65.262840
-53.013504
-29.920502
72.291145
-12.851759
-62.250706
56.025635
33.133442
-70.885483
10.642862
61.648281
-56.025635
-31.928589
73.295189
-10.442054
-62.652325
56.427254
31.526970
-72.291145
12.851759
63.857178
-52.210270
-31.326162
73.696808
-14.659038
-66.066071
51.808651
28.113222
-75.303276
13.654994
62.853134
-52.411079
-32.129398
72.291145
-14.257420
-62.652325
54.619976
30.522926
-70.885483
12.450141
65.062027
-52.611889
-30.322119
73.696808
-13.253376
-64.057983
52.812695
28.715649
-72.090332
13.253376
64.459602
-53.013504
-32.330204
70.283058
-16.466316
-66.467690
52.210270
28.916456
-73.897614
11.044480
62.049896
-52.611889
-27.711605
75.504082
-10.040437
-64.861221
55.624020
30.924545
-71.287102
15.462273
64.057983
-55.423210
-34.338291
69.078201
-16.667124
-66.066071
53.013504
28.314032
-73.495995
13.454185
63.656368
-52.812695
-30.522926
72.291145
-13.454185
-63.857178
54.419167
29.318075
-72.090332
13.454185
64.459602
-51.808651
-29.719692
73.495995
-15.060655
-64.660408
54.419167
29.318075
-72.692757
13.855803
62.250706
-53.615932
-31.526970
71.688713
-15.663081
-65.865265
53.415123
28.514839
-72.090332
16.265507
65.664452
-54.017548
-29.318075
71.086288
-16.667124
-66.266884
51.808651
27.309988
-74.901657
14.859846
62.049896
-55.222401
-32.129398
70.483864
-16.667124
-65.262840
53.214314
29.719692
-72.893570
15.863890
60.845047
-53.816738
-32.932632
71.688713
-17.068743
-67.070114
50.001373
25.101091
-72.090332
14.659038
65.463646
-54.218357
-29.920502
73.696808
-16.466316
-61.045853
55.222401
28.715649
-69.881439
12.650950
62.049896
-56.828869
-31.326162
72.291145
-14.859846
-62.853134
57.431297
29.318075
-71.086288
15.060655
64.861221
-56.828869
-28.113222
73.897614
-14.659038
-59.841003
55.624020
28.715649
-73.897614
18.675213
65.463646
-50.402992
-23.896238
74.500038
-14.458228
-61.045853
55.624020
30.522926
-72.090332
18.072786
62.853134
-53.816738
-29.719692
73.696808
-17.871977
-61.447472
54.820782
30.322119
-72.893570
14.659038
61.045853
-55.021591
-27.510796
75.303276
-14.458228
-61.849091
54.218357
27.510796
-71.688713
15.261463
63.455559
-54.619976
-29.518883
73.295189
-16.667124
-61.447472
56.427254
29.117266
-70.483864
15.663081
62.049896
-55.423210
-27.109179
73.295189
-13.454185
-61.447472
56.828869
31.326162
-70.483864
16.867933
63.053940
-57.230488
-28.113222
71.086288
-16.667124
-62.652325
55.222401
28.514839
-72.491951
15.060655
60.644238
-55.222401
-29.719692
76.307320
-15.663081
-60.443428
56.226444
27.912413
-74.299232
15.663081
59.640194
-58.435341
-29.117266
70.283058
-16.466316
-62.652325
57.029678
29.518883
-72.090332
17.470360
61.648281
-55.222401
-27.711605
74.700851
-17.671167
-61.447472
54.017548
25.904325
-74.299232
13.855803
60.443428
-57.832912
-30.322119
72.893570
-20.281681
-62.250706
53.214314
26.105135
-73.495995
15.462273
61.447472
-55.021591
-27.510796
73.696808
-17.470360
-62.853134
55.222401
26.908369
-71.688713
19.277637
63.254749
-54.017548
-23.695431
75.102463
-14.056611
-59.640194
58.033722
26.707561
-71.086288
18.474403
60.443428
-55.021591
-29.318075
72.491951
-16.667124
-61.246662
56.828869
26.506752
-74.299232
17.068743
62.451515
-55.423210
-25.703518
74.700851
-17.470360
-59.439384
59.238575
26.707561
-69.479820
17.470360
63.254749
-56.628063
-25.502708
71.287102
-18.474403
-62.250706
54.619976
25.904325
-72.291145
16.867933
61.246662
-58.234531
-29.318075
71.086288
-18.474403
-64.258797
56.025635
24.498665
-71.487907
20.281681
63.254749
-54.820782
-28.113222
73.094376
-19.679256
-61.246662
59.238575
27.309988
-69.078201
18.876020
62.250706
-57.230488
-28.916456
72.692757
-17.671167
-63.053940
57.230488
24.498665
-73.696808
18.273594
62.250706
-58.234531
-27.711605
70.684669
-20.482491
-64.660408
55.021591
23.293812
-73.897614
19.880064
60.242619
-56.025635
-28.715649
72.090332
-19.277637
-63.656368
55.423210
23.896238
-75.303276
20.281681
61.246662
-56.025635
-26.707561
72.291145
-18.675213
-62.250706
58.636150
26.105135
-72.692757
17.269550
60.845047
-58.435341
-26.105135
74.700851
-20.281681
-62.250706
56.427254
24.900282
-72.090332
19.880064
61.447472
-57.029678
-25.703518
75.704895
-17.671167
-58.234531
59.439384
25.101091
-71.487907
19.478447
61.447472
-57.230488
-25.703518
72.291145
-18.072786
-60.443428
58.435341
26.707561
-72.491951
20.884108
61.447472
-59.640194
-28.314032
70.283058
-21.486534
-60.041809
56.828869
25.703518
-74.500038
21.687344
59.841003
-54.419167
-24.699474
73.495995
-18.876020
-62.250706
55.824825
23.093004
-74.299232
20.884108
60.041809
-57.230488
-26.506752
71.688713
-20.080873
-60.845047
57.230488
23.896238
-73.295189
19.076830
60.845047
-59.037766
-28.916456
70.885483
-23.695431
-61.849091
59.238575
24.297857
-73.495995
18.675213
59.238575
-58.435341
-25.904325
72.291145
-21.486534
-61.849091
57.632107
25.703518
-73.495995
19.478447
60.644238
-55.824825
-21.285725
76.307320
-19.076830
-62.049896
55.021591
23.896238
-74.098419
21.687344
59.640194
-58.033722
-24.498665
73.295189
-19.277637
-58.033722
59.841003
26.506752
-72.291145
18.675213
59.037766
-58.435341
-24.297857
76.508125
-18.474403
-58.435341
60.041809
25.101091
-70.283058
19.880064
60.644238
-59.238575
-25.904325
69.881439
-20.281681
-62.049896
58.636150
23.896238
-71.889526
21.888151
62.652325
-56.025635
-22.088961
74.098419
-20.482491
-58.636150
61.447472
24.297857
-67.873352
24.297857
63.857178
-53.615932
-20.884108
76.106506
-16.867933
-56.025635
62.451515
21.888151
-72.291145
17.871977
58.234531
-59.238575
-24.297857
73.495995
-20.281681
-60.845047
57.632107
21.888151
-72.692757
22.490578
61.045853
-58.033722
-22.490578
74.098419
-22.088961
-58.636150
60.845047
24.297857
-66.668495
25.904325
63.053940
-53.415123
-19.478447
75.905701
-20.683300
-58.033722
57.832912
22.289768
-71.086288
22.691387
59.037766
-57.029678
-24.297857
71.487907
-20.281681
-58.234531
61.246662
26.105135
-70.483864
23.093004
61.246662
-59.439384
-25.101091
70.082245
-23.494621
-61.447472
57.832912
21.084917
-74.901657
20.281681
57.230488
-57.632107
-23.695431
74.700851
-23.293812
-57.431297
57.832912
26.105135
-69.881439
23.093004
60.443428
-57.029678
-23.293812
73.696808
-24.498665
-61.045853
56.828869
20.482491
-75.704895
18.474403
55.222401
-59.640194
-25.703518
74.700851
-22.892195
-58.636150
60.644238
22.289768
-72.090332
20.281681
59.640194
-60.443428
-26.305944
71.487907
-26.707561
-61.045853
61.849091
23.896238
-70.885483
22.088961
58.836960
-61.447472
-24.097048
71.287102
-26.305944
-62.451515
57.632107
21.285725
-75.905701
19.679256
54.419167
-64.258797
-25.703518
70.885483
-23.093004
-59.439384
60.242619
22.088961
-72.090332
22.691387
59.037766
-59.238575
-23.093004
73.696808
-21.888151
-58.033722
60.845047
19.880064
-73.696808
22.088961
57.832912
-59.238575
-21.486534
72.692757
-22.088961
-56.828869
61.849091
25.502708
-70.483864
25.502708
61.447472
-58.836960
-20.281681
74.098419
-23.093004
-59.037766
60.242619
21.888151
-71.287102
26.506752
58.636150
-58.234531
-24.900282
72.291145
-25.101091
-59.841003
60.041809
18.273594
-73.897614
21.888151
56.828869
-57.832912
-20.281681
74.700851
-21.486534
-55.824825
61.849091
23.494621
-68.877396
26.506752
59.640194
-57.230488
-19.679256
72.893570
-21.486534
-58.234531
59.841003
20.080873
-73.094376
20.884108
58.033722
-59.640194
-17.871977
75.303276
-21.486534
-54.419167
66.266884
22.490578
-66.066071
29.518883
62.049896
-52.009460
-12.650950
75.303276
-24.900282
-54.619976
61.045853
19.277637
-65.463646
29.719692
58.435341
-55.824825
-15.462273
71.487907
-22.289768
-52.009460
64.660408
20.683300
-66.266884
25.904325
54.017548
-61.246662
-19.076830
69.479820
-26.506752
-55.222401
60.443428
16.867933
-69.680626
28.314032
54.017548
-56.226444
-16.667124
71.086288
-25.502708
-51.808651
60.845047
20.080873
-67.672539
25.703518
56.828869
-59.238575
-18.072786
69.479820
-25.301901
-53.415123
62.853134
20.884108
-67.672539
31.928589
57.029678
-57.632107
-17.470360
68.877396
-25.703518
-56.025635
60.443428
16.667124
-70.684669
27.109179
56.025635
-59.640194
-16.867933
72.090332
-26.908369
-55.222401
60.845047
16.867933
-72.893570
20.884108
52.611889
-69.881439
-30.522926
64.258797
-37.551231
-71.287102
55.423210
7.229114
-86.950180
16.466316
48.997330
-72.893570
-29.117266
66.266884
-38.956894
-71.688713
52.812695
8.634775
-86.347755
19.880064
49.599758
-70.684669
-27.109179
69.279015
-34.137486
-66.266884
59.439384
11.446097
-83.536430
20.683300
51.005417
-72.090332
-27.309988
68.074158
-35.944763
-71.287102
55.624020
10.241245
-85.343712
24.097048
53.214314
-72.692757
-26.707561
69.479820
-33.535057
-65.463646
61.045853
11.245289
-83.737244
19.277637
53.615932
-71.487907
-22.691387
72.893570
-33.133442
-62.652325
60.041809
14.458228
-84.540474
21.084917
55.423210
-70.684669
-23.293812
72.692757
-36.346378
-66.869308
60.242619
13.454185
-81.126724
25.502708
56.226444
-68.676582
-21.888151
74.901657
-30.522926
-63.254749
61.849091
14.458228
-83.335625
23.293812
56.226444
-67.270927
-19.076830
79.118637
-30.723736
-62.049896
63.857178
16.064699
-77.712982
26.908369
56.828869
-66.668495
-22.289768
76.909744
-29.920502
-62.250706
65.262840
17.269550
-78.315407
26.908369
57.230488
-67.873352
-21.084917
78.717026
-29.117266
-60.644238
65.463646
15.060655
-77.913788
28.314032
59.238575
-67.672539
-20.281681
76.909744
-29.920502
-59.238575
64.861221
19.679256
-79.118637
29.117266
58.435341
-66.266884
-17.470360
81.528343
-26.305944
-58.234531
69.680626
18.675213
-75.102463
29.719692
59.841003
-66.668495
-17.470360
78.114594
-28.715649
-60.845047
65.262840
18.273594
-74.700851
33.133442
65.262840
-63.656368
-17.671167
77.913788
-28.314032
-58.636150
69.680626
20.281681
-75.504082
31.526970
60.443428
-65.463646
-20.281681
78.717026
-28.916456
-57.431297
69.078201
20.482491
-73.897614
32.932632
62.250706
-65.664452
-17.068743
76.106506
-26.305944
-57.832912
71.287102
22.490578
-75.905701
34.539101
60.242619
-62.652325
-16.064699
81.126724
-28.113222
-57.230488
69.479820
19.277637
-75.704895
32.129398
60.443428
-62.853134
-13.855803
82.130768
-25.904325
-60.443428
68.074158
16.466316
-76.909744
35.743954
61.246662
-60.845047
-13.052567
78.917831
-25.101091
-58.033722
71.889526
20.080873
-73.295189
32.731823
61.246662
-63.857178
-15.663081
81.327538
-27.309988
-56.226444
69.680626
19.277637
-75.102463
36.145573
62.250706
-60.845047
-15.663081
79.319450
-30.322119
-60.041809
68.074158
18.876020
-75.102463
31.125353
61.045853
-65.865265
-17.871977
81.528343
-28.916456
-55.222401
71.086288
19.880064
-75.102463
32.731823
61.648281
-63.455559
-15.663081
80.925919
-31.125353
-55.021591
69.881439
20.080873
-75.303276
32.330204
59.238575
-67.471733
-16.667124
77.512169
-28.113222
-56.427254
71.688713
19.478447
-73.897614
32.531013
62.451515
-65.463646
-15.060655
79.721069
-31.326162
-59.640194
66.869308
17.671167
-74.500038
32.531013
61.447472
-67.672539
-17.269550
77.512169
-30.522926
-59.640194
68.074158
17.871977
-78.315407
32.531013
58.836960
-65.463646
-16.867933
78.315407
-28.314032
-59.037766
68.074158
18.072786
-79.721069
34.739910
60.041809
-63.254749
-14.659038
79.520256
-29.920502
-57.832912
68.877396
16.667124
-75.102463
34.338291
58.234531
-64.660408
-17.068743
79.721069
-29.719692
-54.419167
69.078201
18.474403
-75.704895
34.940720
61.045853
-64.861221
-13.654994
77.913788
-31.928589
-58.836960
67.270927
15.462273
-75.504082
34.137486
57.832912
-64.459602
-16.867933
79.319450
-30.723736
-57.230488
69.279015
15.863890
-78.717026
30.522926
57.832912
-67.672539
-15.462273
79.520256
-32.932632
-56.427254
71.487907
17.269550
-73.696808
34.338291
58.636150
-65.262840
-16.265507
78.114594
-31.326162
-57.230488
70.885483
17.068743
-76.106506
31.326162
57.832912
-67.070114
-15.863890
78.717026
-31.526970
-58.836960
70.684669
15.663081
-76.708939
33.936676
57.230488
-64.258797
-16.867933
78.717026
-33.735867
-63.053940
66.668495
12.450141
-78.917831
31.928589
56.828869
-65.664452
-13.052567
83.134811
-29.318075
-56.025635
68.676582
17.470360
-75.905701
35.543144
57.632107
-67.070114
-16.064699
77.512169
-32.330204
-58.836960
70.283058
14.859846
-75.303276
32.129398
56.226444
-67.672539
-16.667124
77.712982
-33.133442
-61.246662
65.062027
12.249332
-79.921875
29.719692
56.828869
-69.680626
-17.068743
78.717026
-32.932632
-55.624020
71.086288
17.470360
-72.291145
37.551231
60.041809
-65.062027
-16.667124
76.307320
-33.535057
-55.423210
71.889526
17.671167
-72.893570
33.133442
58.435341
-67.070114
-13.052567
77.110550
-32.531013
-57.230488
68.877396
17.470360
-75.504082
33.535057
59.238575
-66.668495
-10.442054
78.917831
-29.719692
-55.021591
68.877396
15.060655
-77.311363
33.133442
57.431297
-64.459602
-15.863890
79.721069
-33.133442
-57.230488
68.475777
15.663081
-73.495995
38.354469
60.644238
-64.660408
-15.663081
76.708939
-33.535057
-59.640194
66.467690
12.851759
-82.331581
34.739910
53.013504
-65.463646
-15.060655
78.717026
-33.133442
-56.025635
70.684669
17.068743
-73.094376
37.752041
59.037766
-65.865265
-15.663081
76.307320
-33.535057
-57.029678
70.283058
14.458228
-76.307320
33.936676
57.832912
-65.865265
-12.450141
78.516212
-32.129398
-55.624020
71.086288
14.056611
-77.311363
30.924545
55.222401
-68.877396
-11.044480
76.307320
-30.322119
-57.029678
68.074158
15.261463
-78.516212
31.727779
55.222401
-68.877396
-15.462273
77.110550
-33.936676
-57.632107
70.082245
14.458228
-74.299232
34.539101
58.033722
-65.262840
-11.646906
80.725113
-30.121309
-56.828869
68.676582
12.048524
-75.504082
33.133442
59.439384
-69.078201
-14.659038
75.102463
-33.133442
-55.624020
70.283058
14.659038
-76.307320
35.141529
56.226444
-66.266884
-15.060655
74.700851
-33.535057
-54.820782
73.295189
14.659038
-73.696808
32.531013
