76.909744
-31.125353
0.000000
0.000000
0.000000
0.000000
0.000000
0.000000
0.000000
0.000000
0.000000
0.000000
0.000000
0.000000
0.000000
0.000000
0.000000
0.000000
0.000000
0.000000
0.000000
0.000000
0.000000
0.000000
0.000000
0.000000
0.000000
0.000000
0.000000
0.000000
0.000000
0.000000
0.000000
0.000000
0.000000
0.000000
0.000000
0.000000
0.000000
0.000000
0.000000
0.000000
0.000000
0.000000
0.000000
0.000000
0.000000
0.000000
0.000000
0.000000
0.000000
0.000000
0.000000
0.000000
0.000000
0.000000
0.000000
0.000000
0.000000
0.000000
0.000000
0.000000
0.000000
0.000000
0.000000
0.000000
0.000000
0.000000
0.000000
0.000000
0.000000
0.000000
0.000000
0.000000
0.000000
0.000000
0.000000
0.000000
0.000000
0.000000
0.000000
0.000000
0.000000
0.000000
0.000000
0.000000
0.000000
0.000000
0.000000
0.000000
0.000000
0.000000
0.000000
0.000000
0.000000
0.000000
0.000000
0.000000
0.000000
0.000000
0.000000
0.000000
0.000000
0.000000
0.000000
0.000000
0.000000
0.000000
0.000000
0.000000
0.000000
0.000000
0.000000
0.000000
0.000000
0.000000
0.000000
0.000000
0.000000
0.000000
0.000000
0.000000
0.000000
0.000000
0.000000
0.000000
0.000000
0.000000
0.000000
0.000000
0.000000
0.000000
0.000000
0.000000
0.000000
0.000000
0.000000
0.000000
0.000000
0.000000
0.000000
0.000000
0.000000
0.000000
0.000000
0.000000
0.000000
0.000000
0.000000
0.000000
0.000000
0.000000
0.000000
0.000000
0.000000
0.000000
0.000000
0.000000
0.000000
0.000000
0.000000
0.000000
0.000000
0.000000
0.000000
0.000000
0.000000
0.000000
0.000000
0.000000
0.000000
0.000000
0.000000
0.000000
0.000000
0.000000
0.000000
0.000000
0.000000
0.000000
0.000000
0.000000
0.000000
0.000000
0.000000
0.000000
0.000000
0.000000
0.000000
0.000000
0.000000
0.000000
0.000000
0.000000
0.000000
0.000000
0.000000
0.000000
0.000000
0.000000
0.000000
0.000000
-50.001373
74.500038
8.032350
-73.696808
41.567406
50.603802
-71.487907
-4.216983
73.295189
-40.362556
-51.005417
69.279015
4.618601
-77.110550
39.157703
45.985199
-70.885483
-6.024262
74.500038
-39.157703
-49.198139
69.881439
3.614557
-75.905701
39.358513
47.792477
-70.082245
-10.642862
71.688713
-44.579536
-54.619976
70.082245
1.004044
-78.516212
41.165791
45.382774
-68.274971
-9.036393
73.295189
-41.567406
-50.603802
73.094376
5.020218
-72.291145
40.764172
49.800564
-70.684669
-6.024262
75.504082
-41.768215
-49.599758
71.688713
4.216983
-74.500038
45.181965
47.591671
-68.676582
-2.208896
74.700851
-39.559319
-47.792477
71.889526
5.421836
-73.295189
42.571449
49.198139
-72.090332
-4.417792
71.287102
-42.169834
-53.013504
69.279015
1.204852
-80.524300
38.956894
43.374687
-73.495995
-6.225070
75.303276
-43.575493
-50.202183
72.692757
1.004044
-74.299232
38.555275
44.780346
-74.500038
-5.823453
73.696808
-41.768215
-50.603802
72.692757
1.606470
-76.909744
41.165791
46.788433
-70.684669
-1.807279
77.311363
-41.567406
-44.981155
73.295189
6.024262
-74.299232
43.374687
46.788433
-71.086288
-5.221027
76.106506
-41.567406
-45.985199
74.299232
6.425879
-73.295189
45.784389
48.595715
-70.885483
-3.815366
76.909744
-42.169834
-46.386818
73.696808
3.413749
-73.094376
43.977112
48.595715
-71.287102
-1.204852
75.905701
-42.370644
-47.390862
71.287102
3.012131
-72.692757
44.579536
46.989243
-71.688713
-3.815366
73.295189
-40.964981
-48.394905
74.098419
-0.602426
-72.491951
43.977112
49.599758
-67.873352
-2.409705
73.696808
-44.780346
-48.796520
72.090332
1.204852
-75.102463
42.571449
46.386818
-72.491951
-3.413749
74.901657
-44.981155
-49.599758
72.090332
0.200809
-74.098419
45.181965
45.382774
-71.487907
-4.618601
74.500038
-45.985199
-51.407036
71.688713
-1.004044
-75.102463
44.981155
45.382774
-74.500038
-6.827497
70.082245
-47.190052
-50.202183
74.098419
1.807279
-71.487907
48.796520
47.591671
-69.479820
-1.807279
71.889526
-46.788433
-48.796520
69.881439
1.004044
-74.299232
43.575493
46.186008
-73.495995
-3.212940
73.094376
-46.788433
-46.788433
73.696808
0.803235
-73.094376
45.181965
46.989243
-69.479820
0.000000
75.504082
-45.181965
-45.784389
72.491951
1.004044
-73.295189
44.780346
45.583580
-72.090332
-2.008087
73.094376
-44.981155
-48.595715
72.291145
-1.807279
-73.094376
46.788433
48.194096
-70.885483
-0.401617
74.500038
-44.780346
-44.981155
72.491951
-0.200809
-76.909744
42.973068
43.173878
-72.692757
-0.200809
74.700851
-41.567406
-43.575493
77.110550
2.610513
-74.700851
44.378731
42.973068
-72.893570
-1.204852
72.893570
-46.386818
-44.177921
74.299232
2.208896
-71.287102
47.792477
46.989243
-68.475777
0.602426
75.504082
-45.181965
-45.985199
75.102463
0.000000
-71.287102
48.194096
47.591671
-69.479820
3.012131
75.704895
-43.575493
-43.977112
74.299232
2.208896
-72.291145
49.398949
44.780346
-70.684669
-0.401617
74.098419
-45.181965
-45.583580
74.098419
1.807279
-69.479820
49.198139
49.800564
-72.090332
1.004044
75.704895
-45.583580
-42.370644
77.311363
0.200809
-71.487907
47.792477
44.579536
-71.889526
-1.004044
73.897614
-45.784389
-43.977112
75.504082
-1.204852
-74.700851
45.583580
42.370644
-73.495995
-1.606470
72.893570
-48.194096
-46.186008
74.700851
-1.004044
-72.491951
48.194096
45.181965
-73.295189
3.212940
71.086288
-45.985199
-47.993286
73.696808
-3.815366
-73.696808
47.190052
43.374687
-73.094376
2.409705
72.491951
-45.583580
-42.973068
75.303276
-1.807279
-72.090332
47.190052
43.173878
-71.086288
2.208896
73.696808
-47.390862
-46.587624
73.295189
-3.212940
-74.098419
48.194096
42.370644
-74.098419
5.221027
74.098419
-45.382774
-39.960938
75.303276
-0.200809
-70.483864
47.993286
44.177921
-72.090332
3.815366
74.500038
-44.981155
-41.165791
76.508125
0.803235
-70.082245
50.202183
44.981155
-72.893570
4.016175
72.090332
-47.390862
-43.776302
73.495995
-3.413749
-73.897614
44.177921
40.563362
-76.909744
3.614557
71.889526
-46.386818
-44.177921
75.303276
-3.212940
-69.279015
49.398949
44.177921
-74.299232
1.807279
70.283058
-47.792477
-42.571449
75.504082
-3.012131
-71.688713
47.993286
41.969025
-72.692757
3.815366
75.704895
-45.985199
-45.181965
74.098419
-7.229114
-72.692757
49.800564
42.973068
-75.704895
2.610513
69.680626
-50.001373
-42.973068
73.094376
-4.618601
-72.893570
49.800564
42.571449
-71.889526
6.827497
72.291145
-47.591671
-42.571449
73.897614
-5.020218
-69.078201
50.402992
44.981155
-72.291145
4.016175
70.082245
-47.390862
-43.374687
77.712982
-3.413749
-69.479820
51.407036
40.964981
-72.692757
3.614557
71.889526
-48.595715
-42.772259
73.897614
-5.823453
-72.291145
49.398949
41.969025
-75.102463
5.221027
69.279015
-51.206226
-44.177921
73.094376
-5.221027
-72.291145
49.198139
40.362556
-72.692757
6.024262
74.098419
-49.599758
-42.772259
74.901657
-6.827497
-72.090332
48.595715
38.555275
-74.500038
4.016175
73.295189
-50.804607
-42.370644
72.291145
-9.839628
-73.696808
50.202183
40.764172
-72.893570
1.405661
69.279015
-55.222401
-42.571449
74.700851
-8.032350
-70.082245
51.005417
40.362556
-71.487907
7.630732
71.287102
-47.993286
-40.764172
75.303276
-6.024262
-69.279015
50.202183
40.764172
-72.692757
7.229114
72.692757
-47.190052
-36.747997
77.913788
-2.811322
-65.463646
52.611889
42.772259
-70.684669
8.634775
71.688713
-45.181965
-35.743954
77.913788
-0.200809
-64.057983
55.222401
42.571449
-68.074158
9.839628
71.086288
-42.772259
-32.129398
80.524300
1.606470
-58.636150
54.619976
42.973068
-62.451515
15.060655
74.299232
-40.161747
-26.908369
79.319450
4.016175
-54.419167
55.222401
43.575493
-61.246662
14.659038
72.291145
-35.543144
-27.309988
80.524300
2.610513
-55.222401
56.427254
45.382774
-58.636150
16.064699
73.495995
-38.153660
-26.707561
77.712982
2.610513
-55.624020
53.816738
40.764172
-63.053940
11.646906
71.889526
-40.764172
-29.920502
72.090332
-3.012131
-61.648281
49.800564
38.555275
-66.066071
10.442054
69.078201
-40.563362
-31.526970
73.495995
-5.622644
-59.037766
50.402992
38.956894
-64.861221
8.835584
65.463646
-43.977112
-34.940720
71.487907
-6.626688
-61.246662
48.796520
36.346378
-64.459602
8.433967
67.070114
-46.788433
-35.944763
68.274971
-7.028306
-61.849091
48.997330
39.358513
-64.057983
12.048524
66.668495
-43.374687
-33.936676
70.885483
-4.216983
-63.455559
46.788433
33.334248
-68.877396
6.827497
64.258797
-44.981155
-35.342335
68.877396
-11.446097
-68.475777
39.960938
32.932632
-71.086288
7.429923
62.853134
-48.394905
-35.543144
67.873352
-8.634775
-67.070114
46.587624
30.924545
-68.676582
4.618601
62.451515
-48.997330
-36.547188
67.873352
-9.638819
-68.074158
44.378731
30.522926
-73.295189
1.606470
59.640194
-50.202183
-35.543144
69.680626
-6.827497
-67.070114
42.973068
30.121309
-73.495995
3.815366
61.648281
-50.001373
-39.760128
64.258797
-13.052567
-69.680626
45.181965
31.125353
-71.889526
5.020218
59.037766
-50.804607
-35.944763
67.471733
-9.036393
-66.668495
43.977112
31.326162
-71.287102
3.815366
61.246662
-51.808651
-41.768215
65.664452
-14.458228
-66.869308
46.386818
33.535057
-70.283058
5.421836
59.640194
-49.198139
-40.161747
65.664452
-10.642862
-68.475777
46.989243
31.727779
-71.086288
2.811322
61.246662
-50.402992
-35.543144
69.881439
-11.646906
-69.881439
41.969025
29.318075
-72.692757
5.221027
60.845047
-50.001373
-36.547188
67.672539
-10.241245
-66.266884
45.784389
34.137486
-71.287102
7.429923
61.045853
-51.407036
-38.956894
67.873352
-11.646906
-65.865265
48.194096
30.723736
-73.696808
4.618601
58.636150
-52.210270
-37.952850
67.873352
-9.839628
-65.664452
46.788433
30.723736
-69.881439
8.433967
65.664452
-47.390862
-36.145573
67.471733
-11.245289
-67.270927
45.784389
31.125353
-74.901657
6.425879
59.640194
-49.800564
-37.952850
69.479820
-8.835584
-65.262840
49.198139
32.932632
-70.483864
8.032350
63.857178
-46.587624
-34.940720
69.279015
-12.048524
-69.881439
44.177921
29.518883
-70.082245
7.429923
63.656368
-48.997330
-36.346378
68.074158
-11.646906
-66.266884
50.603802
32.731823
-66.668495
7.831541
62.049896
-49.800564
-35.944763
67.471733
-11.245289
-66.668495
47.390862
31.526970
-70.283058
9.438010
62.049896
-46.386818
-37.551231
68.074158
-10.843672
-66.467690
48.595715
33.334248
-69.078201
10.642862
64.258797
-48.595715
-33.735867
69.680626
-7.630732
-65.865265
48.394905
31.125353
-71.287102
8.835584
61.447472
-49.599758
-36.747997
70.483864
-11.847715
-64.660408
46.788433
31.326162
-71.287102
7.429923
64.258797
-50.402992
-34.739910
66.668495
-11.646906
-67.471733
48.595715
32.129398
-69.279015
9.839628
64.861221
-49.800564
-36.346378
68.877396
-11.446097
-65.664452
47.190052
30.121309
-72.491951
10.040437
63.656368
-49.198139
-36.747997
69.279015
-11.446097
-64.057983
48.595715
31.727779
-71.287102
8.835584
63.857178
-51.206226
-33.735867
68.676582
-13.253376
-62.652325
47.792477
33.535057
-69.881439
8.634775
62.250706
-51.808651
-32.531013
68.274971
-8.634775
-64.660408
50.202183
31.526970
-70.082245
10.040437
63.254749
-49.198139
-32.129398
70.885483
-11.245289
-62.049896
50.603802
32.932632
-68.074158
10.843672
64.861221
-48.796520
-31.125353
71.688713
-11.446097
-65.463646
50.001373
30.924545
-70.283058
10.442054
62.451515
-51.808651
-34.539101
69.279015
-15.462273
-65.463646
47.591671
30.322119
-70.684669
10.040437
61.045853
-52.009460
-32.531013
68.274971
-9.036393
-63.857178
51.808651
31.727779
-71.487907
8.433967
63.254749
-54.218357
-33.334248
68.274971
-14.257420
-63.857178
49.599758
31.125353
-69.680626
11.847715
64.057983
-50.001373
-33.334248
68.475777
-12.249332
-65.262840
49.800564
31.326162
-71.287102
12.851759
62.853134
-48.595715
-31.125353
71.889526
-10.442054
-61.849091
50.402992
31.928589
-70.082245
9.438010
62.250706
-51.407036
-31.326162
72.291145
-10.241245
-62.451515
51.407036
31.326162
-69.078201
14.257420
63.455559
-47.591671
-30.924545
71.688713
-13.253376
-62.652325
49.800564
30.723736
-68.274971
13.855803
65.463646
-48.997330
-32.731823
68.475777
-14.859846
-62.451515
53.615932
32.932632
-65.062027
13.052567
65.463646
-48.997330
-30.924545
69.479820
-13.654994
-64.459602
48.595715
28.514839
-71.889526
10.241245
61.849091
-52.812695
-33.334248
66.467690
-13.654994
-64.660408
52.210270
30.924545
-70.684669
12.650950
62.652325
-49.800564
-30.322119
71.889526
-12.450141
-62.250706
52.812695
29.719692
-69.479820
10.040437
60.644238
-52.009460
-33.133442
70.885483
-13.052567
-61.447472
52.812695
32.531013
-70.483864
15.261463
62.853134
-49.599758
-32.731823
68.274971
-15.462273
-62.451515
52.411079
31.526970
-69.881439
10.843672
60.443428
-51.005417
-31.326162
73.295189
-14.257420
-62.652325
48.394905
26.908369
-71.086288
11.646906
61.447472
-52.009460
-29.117266
69.881439
-12.851759
-63.053940
50.202183
30.121309
-69.479820
14.257420
62.451515
-50.804607
-31.727779
72.491951
-15.663081
-60.443428
50.001373
27.711605
-69.680626
12.048524
62.049896
-50.804607
-27.912413
72.893570
-11.847715
-58.435341
53.615932
31.125353
-69.279015
13.654994
60.041809
-50.001373
-31.125353
73.295189
-12.851759
-62.049896
56.628063
29.719692
-66.869308
16.867933
64.861221
-50.402992
-27.711605
70.283058
-12.249332
-63.455559
52.009460
24.699474
-72.090332
12.249332
60.644238
-51.206226
-30.522926
70.082245
-12.249332
-65.262840
53.013504
27.309988
-71.287102
14.659038
60.845047
-52.210270
-27.711605
70.684669
-13.052567
-61.447472
51.005417
27.912413
-71.086288
16.265507
62.049896
-49.800564
-29.518883
70.483864
-16.064699
-59.439384
52.812695
30.121309
-70.885483
13.855803
61.849091
-54.017548
-28.715649
69.479820
-15.663081
-61.447472
55.021591
29.117266
-69.479820
12.851759
59.238575
-55.824825
-28.916456
71.688713
-11.847715
-59.841003
56.628063
28.514839
-69.479820
16.064699
61.648281
-51.206226
-27.912413
71.889526
-15.863890
-62.250706
51.407036
25.502708
-72.692757
14.859846
60.242619
-51.808651
-27.711605
71.889526
-14.659038
-59.238575
53.415123
27.109179
-70.082245
13.253376
61.246662
-53.013504
-28.113222
71.287102
-15.663081
-62.853134
51.206226
24.900282
-71.086288
14.859846
61.648281
-52.812695
-28.715649
68.475777
-17.871977
-64.057983
51.206226
25.301901
-72.893570
13.253376
59.037766
-52.411079
-25.703518
72.692757
-12.249332
-62.451515
55.021591
27.711605
-70.684669
16.064699
60.041809
-56.226444
-32.731823
65.865265
-19.277637
-66.266884
51.206226
24.097048
-72.491951
15.863890
61.246662
-52.812695
-28.113222
69.881439
-14.859846
-59.238575
56.025635
28.314032
-69.279015
15.462273
61.246662
-51.808651
-28.113222
70.082245
-18.072786
-63.254749
54.017548
25.904325
-71.889526
16.466316
59.439384
-53.013504
-28.715649
69.279015
-17.671167
-63.455559
52.812695
25.301901
-71.487907
16.064699
61.849091
-55.624020
-27.711605
68.877396
-18.675213
-63.857178
51.808651
24.699474
-72.692757
16.265507
59.238575
-55.624020
-29.318075
69.078201
-17.871977
-62.652325
51.808651
25.904325
-73.495995
14.458228
56.427254
-55.824825
-30.121309
70.885483
-17.871977
-63.053940
51.206226
23.494621
-69.680626
15.462273
61.849091
-54.619976
-27.309988
72.090332
-18.072786
-58.836960
53.816738
25.502708
-69.479820
14.659038
59.238575
-56.226444
-28.113222
70.885483
-15.863890
-60.443428
56.828869
26.105135
-69.680626
16.265507
61.849091
-57.431297
-26.908369
71.287102
-16.867933
-56.828869
56.828869
26.908369
-71.287102
21.486534
63.254749
-49.198139
-22.088961
72.090332
-16.466316
-58.836960
54.820782
28.113222
-72.692757
17.068743
58.435341
-56.427254
-30.322119
69.881439
-21.486534
-60.041809
55.222401
28.314032
-70.684669
17.269550
59.439384
-54.218357
-25.301901
73.495995
-16.466316
-59.439384
54.218357
25.101091
-70.082245
16.867933
60.644238
-53.816738
-26.506752
71.889526
-17.671167
-60.041809
55.423210
25.904325
-69.881439
17.068743
59.238575
-54.820782
-23.896238
72.090332
-14.056611
-59.238575
56.025635
28.514839
-68.676582
17.269550
60.443428
-58.435341
-26.305944
69.881439
-17.671167
-58.033722
57.431297
27.711605
-69.881439
15.663081
57.029678
-55.824825
-24.900282
75.905701
-15.462273
-56.628063
56.628063
25.502708
-70.885483
19.277637
58.435341
-57.029678
-27.510796
67.672539
-19.076830
-60.242619
56.828869
27.309988
-71.086288
18.474403
58.636150
-55.222401
-24.097048
74.500038
-18.072786
-57.632107
53.816738
23.494621
-71.688713
16.867933
58.836960
-56.427254
-26.506752
71.688713
-20.884108
-59.037766
52.812695
23.494621
-71.287102
18.273594
59.841003
-54.419167
-26.305944
70.283058
-19.478447
-60.242619
55.824825
24.699474
-70.082245
19.880064
60.041809
-54.619976
-22.691387
72.291145
-16.667124
-57.230488
58.033722
24.297857
-69.479820
19.478447
57.632107
-54.619976
-25.703518
71.688713
-17.068743
-56.226444
58.836960
25.703518
-71.086288
18.474403
59.238575
-55.021591
-21.888151
73.696808
-17.871977
-57.230488
58.033722
23.293812
-67.672539
20.482491
61.246662
-55.222401
-24.498665
67.873352
-21.285725
-61.045853
54.619976
23.093004
-71.086288
18.474403
58.234531
-57.832912
-26.707561
69.279015
-20.281681
-63.254749
54.619976
20.683300
-69.479820
23.494621
61.648281
-53.816738
-26.305944
70.283058
-21.486534
-58.234531
59.037766
25.101091
-67.471733
20.482491
59.439384
-56.628063
-24.699474
71.889526
-17.871977
-59.238575
57.029678
22.289768
-72.291145
19.277637
58.836960
-58.836960
-26.305944
68.074158
-22.490578
-61.648281
56.427254
21.687344
-71.287102
20.884108
57.029678
-56.427254
-29.318075
68.274971
-23.093004
-61.849091
55.824825
21.888151
-73.897614
20.884108
58.435341
-56.628063
-24.699474
69.881439
-20.482491
-61.447472
57.029678
22.490578
-71.487907
20.482491
59.037766
-57.431297
-25.301901
71.688713
-23.293812
-60.242619
56.427254
22.289768
-69.680626
20.281681
58.836960
-57.431297
-23.293812
74.098419
-18.675213
-55.624020
60.041809
23.093004
-69.279015
21.687344
58.836960
-56.025635
-23.494621
70.283058
-19.478447
-58.234531
58.836960
24.498665
-70.283058
23.093004
59.238575
-58.836960
-25.703518
68.877396
-23.093004
-56.427254
57.431297
23.896238
-72.090332
23.093004
56.828869
-54.017548
-23.896238
70.483864
-21.285725
-60.041809
56.628063
21.285725
-71.889526
22.289768
57.230488
-57.230488
-23.896238
69.680626
-21.285725
-58.033722
57.431297
22.088961
-70.082245
21.285725
58.636150
-58.033722
-26.908369
68.475777
-25.301901
-61.246662
57.832912
21.084917
-72.491951
20.683300
57.029678
-58.636150
-28.715649
66.467690
-26.908369
-60.845047
58.234531
24.297857
-71.688713
21.084917
58.636150
-55.624020
-18.876020
74.098419
-20.482491
-60.845047
54.218357
20.482491
-73.495995
22.088961
56.628063
-58.435341
-20.281681
73.295189
-18.876020
-54.419167
59.841003
24.097048
-68.676582
22.490578
58.435341
-55.824825
-20.884108
74.901657
-19.277637
-54.619976
60.644238
23.494621
-67.270927
21.687344
58.836960
-58.435341
-23.093004
68.475777
-21.687344
-60.644238
57.230488
20.281681
-71.688713
21.687344
59.238575
-58.033722
-23.494621
69.680626
-24.498665
-58.033722
61.246662
21.888151
-67.270927
24.297857
60.644238
-54.619976
-19.277637
74.098419
-18.273594
-54.619976
61.648281
19.277637
-71.287102
19.679256
56.226444
-58.234531
-21.084917
72.491951
-20.884108
-58.435341
57.230488
19.478447
-70.483864
24.699474
59.640194
-56.628063
-19.679256
72.692757
-22.691387
-56.628063
60.443428
21.687344
-65.664452
27.309988
60.443428
-52.812695
-17.068743
74.299232
-21.285725
-54.820782
58.435341
21.285725
-69.078201
23.695431
56.628063
-56.828869
-21.687344
70.082245
-21.084917
-54.619976
61.849091
24.900282
-68.074158
25.502708
59.439384
-57.431297
-20.281681
70.082245
-22.892195
-56.628063
58.435341
19.880064
-72.491951
21.687344
54.619976
-56.427254
-18.675213
74.500038
-22.289768
-54.419167
56.828869
23.695431
-69.078201
23.293812
57.029678
-58.033722
-22.088961
71.086288
-26.506752
-60.443428
55.222401
17.269550
-74.299232
21.486534
53.816738
-58.836960
-23.494621
72.291145
-24.699474
-55.423210
60.644238
20.482491
-69.479820
22.088961
57.029678
-59.439384
-25.904325
68.074158
-29.518883
-62.049896
59.439384
19.679256
-71.688713
21.687344
55.624020
-62.049896
-20.482491
71.086288
-25.904325
-63.053940
54.017548
16.667124
-76.508125
21.285725
52.411079
-64.057983
-24.699474
68.877396
-24.900282
-57.832912
59.640194
19.679256
-71.889526
22.490578
55.624020
-59.841003
-21.486534
71.688713
-23.695431
-57.431297
59.439384
16.867933
-72.692757
22.289768
55.423210
-59.640194
-20.281681
71.086288
-23.896238
-56.828869
59.640194
22.088961
-70.885483
24.900282
58.836960
-60.644238
-18.474403
72.692757
-24.498665
-58.636150
59.238575
18.876020
-71.287102
27.309988
56.025635
-58.636150
-23.093004
70.684669
-25.904325
-58.234531
59.238575
16.265507
-73.495995
22.289768
54.820782
-58.234531
-17.871977
73.495995
-22.289768
-54.619976
61.045853
21.084917
-69.279015
25.101091
55.824825
-60.041809
-18.876020
71.287102
-22.691387
-55.423210
60.845047
19.277637
-71.086288
21.888151
56.226444
-58.836960
-14.659038
75.504082
-21.888151
-54.017548
64.459602
19.277637
-65.463646
30.723736
60.443428
-50.402992
-8.032350
76.508125
-23.093004
-51.607845
61.045853
17.671167
-66.066071
27.711605
54.419167
-58.234531
-13.855803
70.684669
-23.093004
-50.202183
64.861221
18.876020
-65.865265
26.707561
51.607845
-60.845047
-16.667124
68.877396
-27.109179
-56.025635
58.033722
13.052567
-69.881439
30.121309
52.812695
-56.025635
-16.265507
69.078201
-27.711605
-48.595715
62.853134
20.482491
-64.459602
27.711605
55.624020
-58.033722
-15.462273
69.078201
-25.703518
-50.804607
62.853134
20.281681
-63.857178
36.145573
57.431297
-54.820782
-14.659038
67.873352
-25.904325
-53.013504
61.246662
15.663081
-67.873352
30.322119
55.222401
-57.230488
-13.654994
71.487907
-27.109179
-52.411079
60.845047
15.863890
-71.086288
22.490578
51.407036
-70.283058
-30.322119
61.648281
-39.760128
-70.885483
54.017548
4.819409
-87.753418
16.867933
46.989243
-73.696808
-28.314032
64.459602
-40.964981
-70.283058
53.013504
7.028306
-85.946136
19.478447
46.587624
-72.291145
-26.506752
67.873352
-35.743954
-66.467690
57.632107
8.233158
-85.343712
19.076830
47.993286
-73.897614
-26.305944
66.869308
-37.551231
-71.688713
54.419167
7.429923
-86.146942
23.293812
50.402992
-74.500038
-25.703518
68.676582
-35.141529
-64.861221
61.045853
8.835584
-82.130768
20.683300
52.411079
-72.090332
-23.093004
70.684669
-35.944763
-62.049896
59.841003
12.851759
-84.741287
20.683300
53.214314
-71.889526
-21.486534
72.893570
-36.948807
-64.057983
61.447472
13.052567
-78.917831
27.309988
55.222401
-67.672539
-20.482491
74.299232
-31.928589
-62.853134
61.045853
12.450141
-84.942093
19.076830
52.611889
-71.287102
-17.871977
79.520256
-30.723736
-60.242619
64.660408
15.261463
-76.909744
27.912413
55.624020
-66.066071
-19.679256
77.110550
-30.322119
-61.045853
64.861221
15.663081
-78.315407
27.711605
55.624020
-68.475777
-19.679256
78.114594
-29.920502
-59.238575
66.066071
14.257420
-77.110550
29.117266
57.832912
-68.274971
-19.679256
75.905701
-31.326162
-57.832912
65.865265
18.474403
-78.717026
29.719692
57.029678
-66.668495
-16.064699
80.925919
-27.309988
-57.029678
70.885483
17.671167
-72.291145
32.932632
60.041809
-65.664452
-17.068743
77.110550
-30.322119
-60.443428
64.861221
16.466316
-73.897614
35.342335
65.262840
-63.254749
-15.663081
78.114594
-28.514839
-56.226444
70.885483
19.679256
-73.495995
33.735867
60.041809
-64.258797
-16.667124
79.319450
-28.113222
-54.820782
70.283058
19.880064
-72.491951
33.936676
61.045853
-66.066071
-16.466316
75.102463
-27.711605
-56.628063
71.487907
21.486534
-75.303276
35.342335
59.238575
-64.057983
-16.667124
78.917831
-30.522926
-56.828869
70.082245
18.072786
-74.700851
35.743954
60.644238
-60.644238
-12.048524
81.528343
-27.109179
-59.439384
68.877396
15.261463
-77.712982
34.338291
58.234531
-63.656368
-12.048524
78.717026
-26.105135
-56.226444
73.094376
19.679256
-71.889526
34.137486
61.045853
-63.857178
-13.855803
81.126724
-28.314032
-54.820782
70.082245
18.273594
-74.901657
36.547188
61.045853
-60.845047
-13.454185
79.921875
-30.322119
-60.041809
67.270927
16.667124
-75.704895
31.928589
60.041809
-66.266884
-15.863890
81.929962
-29.117266
-54.419167
71.688713
18.474403
-74.098419
34.137486
61.045853
-62.853134
-12.851759
81.528343
-30.723736
-53.214314
70.283058
19.277637
-74.098419
34.539101
58.636150
-67.270927
-16.265507
76.708939
-29.719692
-54.218357
72.893570
19.478447
-73.696808
32.932632
61.447472
-66.467690
-14.659038
78.717026
-32.330204
-59.439384
66.467690
16.667124
-75.303276
33.535057
60.845047
-67.672539
-14.659038
78.516212
-29.920502
-57.029678
69.680626
18.072786
-76.508125
34.739910
58.435341
-64.459602
-15.663081
77.913788
-29.318075
-58.033722
68.676582
17.269550
-79.520256
34.338291
58.435341
-64.861221
-13.253376
79.520256
-30.322119
-56.025635
70.283058
16.265507
-74.299232
34.539101
57.029678
-64.660408
-14.659038
80.323494
-29.518883
-53.615932
69.078201
17.269550
-75.905701
34.539101
60.041809
-66.467690
-13.454185
77.311363
-33.133442
-57.029678
68.676582
15.663081
-73.495995
36.346378
58.033722
-63.857178
-15.261463
79.118637
-31.326162
-56.025635
69.881439
14.859846
-79.118637
30.121309
55.824825
-69.279015
-14.257420
79.721069
-33.334248
-54.619976
72.692757
16.867933
-73.094376
34.338291
57.431297
-65.664452
-13.454185
79.118637
-30.924545
-55.824825
70.885483
15.863890
-76.508125
31.125353
56.226444
-67.873352
-14.859846
78.516212
-32.531013
-57.431297
71.889526
15.462273
-75.102463
35.543144
57.230488
-64.861221
-16.064699
77.913788
-35.342335
-62.451515
66.869308
11.446097
-78.114594
33.735867
56.628063
-65.463646
-11.245289
82.934006
-29.518883
-54.218357
69.881439
17.269550
-75.102463
36.747997
56.628063
-66.869308
-15.462273
77.512169
-33.535057
-58.435341
70.684669
13.654994
-73.897614
35.141529
56.628063
-66.266884
-14.859846
77.512169
-34.137486
-61.648281
64.258797
10.040437
-79.319450
32.731823
57.632107
-68.274971
-16.064699
77.913788
-34.137486
-54.218357
71.889526
16.667124
-72.692757
36.346378
57.832912
-66.668495
-15.863890
76.708939
-34.338291
-55.624020
71.287102
15.863890
-73.696808
34.137486
57.632107
-67.270927
-10.843672
77.311363
-32.531013
-55.423210
69.881439
17.470360
-73.696808
34.940720
59.037766
-67.270927
-9.638819
78.516212
-31.326162
-56.025635
67.270927
12.048524
-77.512169
34.338291
57.632107
-64.861221
-15.060655
79.721069
-33.936676
-55.222401
69.479820
15.060655
-72.893570
38.555275
59.238575
-65.664452
-16.064699
75.704895
-35.543144
-60.041809
67.471733
11.646906
-82.331581
34.338291
51.407036
-67.070114
-14.659038
78.516212
-34.539101
-55.624020
70.684669
15.863890
-73.897614
37.350426
57.832912
-67.873352
-15.462273
75.704895
-34.739910
-55.624020
71.487907
14.056611
-75.704895
35.141529
57.431297
-66.467690
-11.044480
78.114594
-32.731823
-54.218357
72.090332
14.056611
-75.905701
33.535057
55.021591
-67.672539
-9.638819
76.307320
-31.125353
-56.427254
68.475777
14.659038
-77.311363
35.141529
56.025635
-67.070114
-13.052567
77.913788
-34.137486
-56.025635
70.684669
13.855803
-73.897614
35.543144
57.230488
-65.865265
-11.245289
79.921875
-31.526970
-56.025635
69.680626
11.646906
-74.500038
34.338291
59.037766
-69.479820
-13.654994
74.700851
-33.936676
-54.218357
71.287102
14.458228
-75.905701
34.940720
55.222401
-66.869308
-13.855803
74.901657
-34.539101
-55.021591
72.692757
13.052567
-76.508125
30.322119
