-14.659038
0.602426
0.000000
0.000000
0.000000
0.000000
0.000000
0.000000
0.000000
0.000000
0.000000
0.000000
0.000000
0.000000
0.000000
0.000000
0.000000
0.000000
0.000000
0.000000
0.000000
0.000000
0.000000
0.000000
0.000000
0.000000
0.000000
0.000000
0.000000
0.000000
0.000000
0.000000
0.000000
0.000000
0.000000
0.000000
0.000000
0.000000
0.000000
0.000000
0.000000
0.000000
0.000000
0.000000
0.000000
0.000000
0.000000
0.000000
0.000000
0.000000
0.000000
0.000000
0.000000
0.000000
0.000000
0.000000
0.000000
0.000000
0.000000
0.000000
0.000000
0.000000
0.000000
0.000000
0.000000
0.000000
0.000000
0.000000
0.000000
0.000000
0.000000
0.000000
0.000000
0.000000
0.000000
0.000000
0.000000
0.000000
0.000000
0.000000
0.000000
0.000000
0.000000
0.000000
0.000000
0.000000
0.000000
0.000000
0.000000
0.000000
0.000000
0.000000
0.000000
0.000000
0.000000
0.000000
0.000000
0.000000
0.000000
0.000000
0.000000
0.000000
0.000000
0.000000
0.000000
0.000000
0.000000
0.000000
0.000000
0.000000
0.000000
0.000000
0.000000
0.000000
0.000000
0.000000
0.000000
0.000000
0.000000
0.000000
0.000000
0.000000
0.000000
0.000000
0.000000
0.000000
0.000000
0.000000
0.000000
0.000000
0.000000
0.000000
0.000000
0.000000
0.000000
0.000000
0.000000
0.000000
0.000000
0.000000
0.000000
0.000000
0.000000
0.000000
0.000000
0.000000
0.000000
0.000000
0.000000
0.000000
0.000000
0.000000
0.000000
0.000000
0.000000
0.000000
0.000000
0.000000
0.000000
0.000000
0.000000
0.000000
0.000000
0.000000
0.000000
0.000000
0.000000
0.000000
0.000000
0.000000
0.000000
0.000000
0.000000
0.000000
0.000000
0.000000
0.000000
0.000000
0.000000
0.000000
0.000000
0.000000
0.000000
0.000000
0.000000
0.000000
0.000000
0.000000
0.000000
0.000000
0.000000
0.000000
0.000000
0.000000
0.000000
0.000000
0.000000
0.000000
0.000000
0.000000
0.000000
0.000000
13.855803
-10.442054
-3.614557
11.044480
-4.819409
-13.454185
7.831541
2.811322
-16.466316
2.208896
12.650950
-11.044480
-4.819409
12.450141
-3.212940
-12.650950
13.454185
5.020218
-13.654994
3.413749
12.851759
-10.442054
-3.012131
12.650950
-3.212940
-14.859846
11.847715
3.815366
-12.650950
5.421836
14.859846
-10.642862
-3.614557
11.446097
-5.020218
-15.060655
10.241245
3.815366
-14.458228
3.413749
9.036393
-14.257420
-7.429923
13.654994
-3.012131
-8.032350
10.642862
3.212940
-18.474403
-0.401617
8.634775
-13.654994
-6.024262
11.847715
-7.831541
-11.847715
8.634775
4.417792
-15.462273
4.016175
10.843672
-10.642862
-5.020218
13.052567
-5.421836
-8.835584
13.654994
8.032350
-12.249332
2.811322
8.433967
-15.261463
-5.622644
13.052567
-2.811322
-7.429923
10.642862
3.413749
-15.060655
-0.200809
10.241245
-12.650950
-5.823453
11.847715
-5.622644
-11.245289
10.241245
5.823453
-13.654994
2.811322
10.642862
-14.257420
-4.417792
13.855803
-4.216983
-10.442054
10.442054
3.815366
-14.257420
2.409705
9.237202
-12.450141
-4.216983
16.667124
-1.807279
-11.044480
12.851759
5.622644
-13.855803
5.020218
11.245289
-11.446097
-2.811322
13.052567
-3.815366
-15.863890
8.032350
2.409705
-15.261463
2.811322
13.454185
-12.650950
-0.602426
14.257420
-1.204852
-12.650950
8.634775
2.409705
-17.068743
2.811322
11.245289
-11.446097
-4.819409
15.663081
-5.221027
-12.048524
11.044480
4.216983
-14.257420
5.823453
11.044480
-9.839628
-2.409705
17.671167
-3.815366
-10.241245
9.036393
3.413749
-14.458228
5.421836
11.847715
-11.044480
-2.610513
16.064699
-2.409705
-8.233158
9.839628
5.421836
-14.659038
5.020218
9.036393
-13.454185
-6.024262
12.851759
-2.811322
-12.650950
9.237202
1.405661
-16.867933
4.016175
11.446097
-13.253376
-4.618601
11.646906
-6.827497
-13.052567
9.638819
5.823453
-14.056611
7.429923
12.450141
-15.060655
-5.421836
9.839628
-6.827497
-12.249332
9.237202
1.807279
-16.265507
6.024262
11.847715
-6.827497
-3.212940
17.671167
-4.618601
-9.036393
10.241245
4.618601
-13.454185
7.229114
15.060655
-9.438010
-2.409705
13.454185
-7.630732
-11.446097
7.429923
5.622644
-16.265507
4.417792
10.442054
-15.261463
-7.630732
11.044480
-7.429923
-10.442054
10.442054
4.618601
-17.871977
3.212940
8.835584
-10.040437
-3.413749
16.466316
-3.614557
-10.642862
11.847715
4.417792
-16.064699
5.421836
12.249332
-10.442054
-1.405661
15.462273
-3.815366
-9.237202
12.851759
5.020218
-13.253376
4.016175
12.450141
-9.438010
0.000000
19.277637
-1.204852
-7.630732
12.851759
5.622644
-16.667124
5.221027
12.650950
-11.646906
0.803235
14.659038
-3.815366
-13.052567
11.446097
3.212940
-13.052567
5.020218
12.650950
-12.249332
-2.811322
14.257420
-5.020218
-10.241245
10.843672
4.819409
-13.454185
4.417792
11.044480
-13.253376
-2.610513
11.847715
-4.216983
-12.048524
11.245289
3.212940
-14.659038
5.622644
12.048524
-11.044480
-0.401617
13.855803
-2.208896
-11.446097
13.253376
0.602426
-12.450141
4.819409
13.253376
-8.634775
-1.004044
15.863890
-2.208896
-10.642862
13.654994
4.016175
-12.851759
5.823453
12.249332
-11.646906
-2.208896
14.659038
-5.823453
-10.843672
11.044480
2.208896
-12.450141
4.819409
12.249332
-13.654994
-3.413749
11.646906
-7.028306
-11.044480
9.839628
2.610513
-13.454185
5.622644
10.843672
-11.044480
-6.827497
14.257420
-7.229114
-8.433967
14.458228
6.225070
-10.241245
5.020218
9.036393
-14.257420
-7.831541
13.654994
-8.634775
-9.237202
10.843672
1.004044
-14.659038
2.409705
9.638819
-11.044480
-6.024262
12.851759
-8.233158
-12.249332
10.040437
0.401617
-15.663081
5.421836
10.843672
-9.036393
-2.409705
17.068743
-2.811322
-6.626688
14.056611
6.425879
-16.466316
2.610513
6.024262
-13.454185
-3.212940
16.867933
-1.405661
-8.433967
14.458228
5.622644
-14.859846
4.819409
9.638819
-13.654994
-5.421836
11.245289
-8.233158
-10.843672
9.438010
2.409705
-15.863890
3.212940
9.237202
-12.249332
-4.016175
14.257420
-6.827497
-8.835584
10.040437
3.012131
-14.859846
3.815366
9.638819
-13.253376
-2.008087
14.458228
-5.421836
-10.040437
10.642862
1.405661
-14.859846
2.208896
10.040437
-12.851759
-3.614557
16.867933
-5.421836
-10.843672
10.241245
-0.401617
-18.072786
6.425879
9.839628
-8.433967
-1.405661
15.663081
-5.221027
-14.056611
9.036393
0.401617
-17.269550
7.429923
10.241245
-10.843672
-1.004044
14.056611
-6.024262
-9.638819
12.249332
7.028306
-9.839628
10.642862
14.659038
-14.056611
-0.401617
10.642862
-3.815366
-9.638819
17.269550
2.811322
-11.446097
7.028306
10.241245
-10.642862
-0.803235
13.052567
-3.815366
-9.638819
12.048524
3.212940
-11.044480
6.225070
13.253376
-10.843672
-3.012131
14.458228
-5.622644
-10.442054
13.253376
3.012131
-14.458228
6.626688
9.237202
-13.654994
-4.216983
10.642862
-8.634775
-11.446097
11.646906
2.811322
-14.659038
7.630732
8.433967
-9.638819
-3.212940
15.863890
-4.618601
-6.827497
13.052567
2.008087
-15.060655
1.606470
9.036393
-12.650950
-2.610513
13.855803
-4.819409
-12.249332
11.245289
2.008087
-15.863890
6.425879
8.233158
-13.855803
-4.417792
14.859846
-4.618601
-6.626688
15.462273
5.622644
-12.450141
8.233158
11.446097
-12.048524
-1.004044
14.257420
-6.827497
-8.634775
12.851759
7.429923
-15.462273
6.024262
8.835584
-13.654994
-2.208896
15.663081
-4.819409
-8.634775
15.462273
4.417792
-14.056611
5.622644
9.036393
-11.044480
-2.610513
17.068743
-5.020218
-8.634775
14.458228
2.811322
-14.458228
5.823453
12.048524
-11.044480
-1.807279
15.663081
-7.429923
-9.438010
12.851759
3.413749
-15.863890
5.221027
11.446097
-12.249332
-2.008087
15.863890
-8.233158
-9.438010
9.638819
3.614557
-17.470360
5.421836
10.843672
-14.859846
-0.803235
12.450141
-5.221027
-12.048524
13.855803
4.216983
-16.265507
8.233158
9.036393
-14.056611
-1.405661
16.466316
-4.819409
-6.827497
14.056611
3.413749
-13.253376
3.614557
13.654994
-14.257420
-0.602426
15.060655
-7.028306
-10.040437
13.253376
7.229114
-12.249332
10.040437
13.855803
-11.245289
0.401617
16.867933
-4.819409
-10.040437
13.052567
3.012131
-14.458228
6.626688
13.855803
-13.654994
-1.807279
16.064699
-5.823453
-8.433967
15.663081
1.405661
-14.659038
5.020218
7.630732
-15.060655
-3.012131
14.859846
-6.024262
-6.024262
11.044480
3.413749
-16.265507
4.819409
11.446097
-15.060655
-1.807279
11.847715
-8.233158
-13.253376
8.433967
-0.803235
-18.474403
4.618601
9.237202
-14.859846
-5.020218
13.052567
-8.233158
-11.044480
12.249332
3.212940
-13.654994
6.225070
13.052567
-16.064699
-4.819409
13.253376
-9.438010
-8.835584
14.859846
5.421836
-13.454185
8.032350
10.442054
-14.257420
-3.012131
14.056611
-7.831541
-12.450141
10.642862
0.000000
-16.667124
6.626688
11.646906
-15.060655
-2.409705
11.646906
-9.839628
-10.843672
11.646906
3.012131
-15.462273
7.028306
9.839628
-13.855803
-1.004044
13.654994
-6.827497
-10.843672
12.851759
4.016175
-14.458228
6.626688
10.843672
-15.261463
-2.208896
16.466316
-8.032350
-7.429923
11.245289
1.807279
-16.265507
5.221027
9.438010
-11.646906
-2.811322
14.257420
-6.626688
-9.438010
12.851759
5.823453
-16.064699
7.429923
7.229114
-11.847715
-2.409705
16.064699
-6.626688
-10.642862
9.839628
1.405661
-16.265507
7.229114
11.646906
-10.843672
0.200809
18.273594
-8.032350
-6.626688
11.646906
6.225070
-15.462273
8.835584
9.839628
-13.454185
-0.602426
14.056611
-7.630732
-7.229114
15.261463
4.016175
-10.040437
7.831541
14.659038
-9.237202
2.208896
15.663081
-4.417792
-10.040437
13.855803
2.208896
-15.060655
9.438010
10.642862
-11.446097
-1.405661
14.056611
-8.634775
-10.843672
12.851759
1.606470
-11.245289
9.638819
12.048524
-9.638819
-2.811322
15.462273
-6.024262
-9.438010
13.654994
4.618601
-17.068743
10.442054
9.438010
-12.048524
-3.413749
13.855803
-10.642862
-9.438010
10.843672
3.212940
-13.253376
8.433967
9.237202
-13.052567
-5.421836
12.650950
-8.835584
-11.245289
13.855803
2.008087
-11.847715
5.421836
11.044480
-15.261463
-1.807279
13.654994
-7.429923
-10.642862
13.454185
2.610513
-11.245289
7.630732
12.048524
-14.056611
-4.819409
13.052567
-9.839628
-10.040437
12.048524
2.610513
-15.462273
5.823453
7.831541
-16.466316
-5.823453
12.650950
-11.044480
-9.438010
10.040437
0.602426
-16.867933
4.417792
8.835584
-15.060655
-4.618601
11.245289
-11.044480
-11.446097
10.642862
0.602426
-17.269550
5.421836
8.233158
-11.446097
0.000000
16.667124
-6.626688
-9.036393
12.851759
-0.803235
-12.851759
2.811322
11.044480
-15.863890
-2.610513
14.859846
-9.237202
-9.839628
12.048524
-0.200809
-14.859846
5.823453
9.036393
-15.261463
-3.413749
13.654994
-7.229114
-9.036393
13.454185
1.405661
-15.462273
6.626688
8.433967
-12.249332
-2.409705
16.867933
-6.024262
-7.429923
12.450141
3.212940
-17.671167
6.425879
7.630732
-14.056611
-2.008087
16.064699
-7.831541
-8.835584
12.650950
3.212940
-13.855803
8.433967
11.044480
-15.863890
0.803235
10.843672
-5.622644
-12.851759
12.650950
0.401617
-15.060655
5.823453
11.446097
-15.261463
-1.204852
13.855803
-9.438010
-11.044480
9.839628
0.401617
-14.659038
6.626688
13.855803
-15.462273
-1.405661
11.245289
-8.433967
-12.048524
15.261463
0.602426
-15.261463
6.827497
7.028306
-13.855803
-4.216983
16.265507
-9.036393
-8.032350
14.056611
3.413749
-15.060655
8.032350
7.630732
-14.659038
-3.413749
13.052567
-10.843672
-11.245289
11.446097
0.000000
-16.265507
7.831541
8.233158
-12.048524
-0.401617
13.855803
-8.634775
-8.634775
12.450141
2.208896
-15.663081
4.417792
10.642862
-16.667124
-0.200809
13.654994
-8.433967
-8.634775
12.650950
3.212940
-15.261463
8.634775
9.638819
-11.646906
-2.008087
15.261463
-6.827497
-11.646906
14.659038
1.405661
-14.458228
7.028306
7.429923
-14.659038
-1.204852
14.859846
-5.622644
-9.839628
12.851759
2.610513
-13.855803
10.040437
13.253376
-11.646906
1.807279
15.863890
-6.827497
-8.835584
11.646906
0.000000
-14.859846
5.221027
12.249332
-14.056611
1.807279
15.663081
-8.835584
-10.642862
12.249332
0.803235
-12.851759
7.831541
8.835584
-12.450141
-1.807279
15.863890
-6.626688
-8.233158
16.867933
2.610513
-13.052567
6.827497
8.634775
-14.056611
0.401617
14.458228
-7.028306
-10.642862
11.245289
-0.401617
-13.052567
7.229114
13.253376
-13.654994
-2.409705
13.855803
-11.245289
-9.638819
10.442054
2.008087
-16.466316
7.831541
10.241245
-14.458228
-1.405661
14.056611
-8.634775
-9.438010
15.261463
1.807279
-11.446097
9.036393
9.438010
-13.253376
-3.212940
11.245289
-8.433967
-10.642862
12.650950
2.208896
-14.056611
9.638819
11.245289
-14.458228
-2.811322
10.241245
-9.638819
-8.233158
15.863890
5.421836
-11.847715
9.638819
12.249332
-15.060655
0.803235
14.859846
-7.831541
-9.237202
14.458228
-1.004044
-11.847715
6.225070
13.253376
-15.462273
-0.200809
13.253376
-9.036393
-9.438010
13.654994
0.200809
-14.859846
5.221027
7.028306
-15.060655
-3.815366
10.843672
-10.040437
-12.851759
11.245289
1.405661
-15.261463
10.241245
11.646906
-12.048524
-1.204852
13.253376
-8.835584
-10.040437
16.466316
1.405661
-12.851759
8.032350
9.638819
-14.257420
2.409705
17.470360
-4.216983
-6.626688
13.855803
0.000000
-16.667124
4.216983
9.438010
-13.855803
1.807279
16.867933
-7.429923
-7.630732
14.257420
3.413749
-13.454185
7.429923
9.839628
-14.257420
1.606470
13.855803
-8.233158
-11.446097
10.843672
0.401617
-13.855803
9.036393
10.241245
-12.048524
0.000000
14.859846
-4.819409
-10.642862
15.261463
-0.200809
-12.048524
10.442054
9.839628
-14.257420
-2.008087
10.040437
-9.438010
-10.442054
10.642862
-0.401617
-13.454185
8.032350
7.630732
-12.851759
-4.016175
13.253376
-8.634775
-10.843672
10.843672
-1.204852
-14.859846
9.438010
13.253376
-10.642862
1.405661
15.663081
-5.823453
-6.626688
17.068743
1.606470
-12.851759
6.024262
9.237202
-13.654994
0.200809
14.859846
-8.433967
-10.241245
12.048524
-1.004044
-13.052567
6.225070
8.634775
-15.462273
-0.803235
13.654994
-8.433967
-7.028306
13.052567
1.807279
-10.843672
9.839628
12.650950
-12.851759
-0.803235
13.855803
-10.241245
-7.028306
14.257420
2.008087
-13.253376
7.229114
8.433967
-16.265507
-1.606470
12.249332
-9.638819
-10.040437
13.454185
-1.807279
-14.257420
7.429923
9.438010
-12.650950
0.000000
15.863890
-8.433967
-6.024262
11.446097
-1.004044
-13.855803
6.225070
12.450141
-13.052567
1.204852
13.654994
-7.630732
-8.634775
16.867933
1.807279
-12.450141
6.425879
8.433967
-16.265507
0.000000
14.659038
-8.835584
-7.429923
11.847715
2.208896
-15.462273
7.630732
9.638819
-16.064699
-0.200809
13.454185
-7.429923
-9.638819
15.060655
0.000000
-13.454185
7.229114
8.233158
-17.671167
-3.413749
10.642862
-12.249332
-8.634775
10.040437
-0.602426
-15.863890
8.032350
10.642862
-12.650950
1.004044
11.044480
-8.634775
-11.044480
13.253376
-0.200809
-11.646906
7.429923
10.241245
-11.847715
0.200809
17.470360
-7.028306
-8.634775
12.048524
1.004044
-15.060655
11.044480
9.237202
-13.454185
1.004044
13.052567
-7.028306
-6.626688
13.654994
0.602426
-13.654994
8.634775
10.642862
-12.450141
1.606470
16.064699
-8.433967
-8.032350
12.851759
-0.803235
-16.667124
8.233158
6.626688
-15.060655
-0.602426
13.454185
-8.634775
-8.233158
16.466316
1.807279
-11.446097
9.638819
10.843672
-13.253376
2.811322
15.462273
-5.421836
-6.626688
13.454185
-0.602426
-14.859846
8.835584
10.442054
-13.052567
-0.401617
13.253376
-8.835584
-6.626688
15.663081
2.610513
-11.847715
8.835584
11.646906
-14.257420
2.208896
14.458228
-10.241245
-8.233158
12.048524
-0.401617
-12.249332
9.036393
9.839628
-14.257420
-1.405661
13.052567
-9.638819
-7.229114
12.450141
1.807279
-13.253376
8.233158
9.438010
-14.056611
-2.008087
15.060655
-9.638819
-8.634775
13.253376
0.803235
-13.052567
11.446097
9.036393
-15.060655
0.000000
13.454185
-7.630732
-5.020218
13.253376
0.200809
-15.663081
6.024262
7.429923
-15.060655
0.000000
13.253376
-9.036393
-8.835584
13.454185
-0.200809
-16.265507
4.618601
4.618601
-17.068743
-1.204852
15.261463
-7.028306
-6.626688
14.659038
0.401617
-13.855803
9.438010
11.646906
-12.450141
1.606470
12.650950
-9.638819
-9.839628
10.642862
2.208896
-18.675213
8.634775
4.216983
-18.474403
-0.401617
11.646906
-8.233158
-9.638819
10.241245
-1.405661
-14.859846
7.831541
5.823453
-14.859846
-0.803235
14.056611
-7.429923
-9.036393
12.851759
-1.606470
-14.659038
6.626688
7.429923
-14.458228
0.401617
14.859846
-9.438010
-7.429923
12.650950
2.610513
-14.257420
9.237202
7.028306
-16.265507
-1.204852
10.843672
-9.839628
-12.650950
12.851759
-3.614557
-14.859846
7.229114
8.233158
-12.249332
1.004044
13.654994
-11.646906
-11.646906
12.851759
-0.401617
-11.646906
11.245289
9.638819
-12.450141
1.807279
14.458228
-8.433967
-8.835584
14.056611
-0.803235
-12.650950
8.634775
9.237202
-12.650950
2.811322
15.261463
-7.229114
-7.229114
13.454185
-0.602426
-12.851759
7.630732
9.839628
-15.462273
-0.401617
12.851759
-11.044480
-7.831541
15.462273
-2.208896
-10.442054
7.630732
9.438010
-15.863890
-0.401617
12.450141
-8.032350
-7.229114
15.462273
1.606470
-12.650950
9.438010
7.831541
-16.064699
0.401617
10.843672
-10.040437
-10.642862
10.442054
1.004044
-14.859846
9.237202
9.438010
-15.863890
0.401617
14.056611
-8.634775
-6.425879
15.462273
0.401617
-14.056611
8.835584
6.626688
-14.859846
-1.204852
15.663081
-9.438010
-6.225070
10.442054
-2.409705
-17.470360
8.032350
9.839628
-15.261463
0.200809
12.650950
-11.847715
-9.036393
11.847715
-2.811322
-16.667124
7.028306
7.028306
-16.064699
0.803235
11.847715
-11.044480
-10.442054
13.052567
-3.614557
-16.064699
6.425879
7.229114
-12.249332
2.811322
17.470360
-8.835584
-6.225070
15.462273
0.000000
-12.851759
6.626688
7.429923
-16.265507
0.401617
14.056611
-10.843672
-7.831541
13.253376
-3.212940
-15.462273
7.630732
7.229114
-12.048524
0.401617
15.060655
-10.442054
-8.433967
12.450141
-1.606470
-16.867933
8.032350
8.032350
-14.859846
-0.602426
12.450141
-12.450141
-8.433967
14.257420
-0.602426
-11.446097
9.839628
10.040437
-12.851759
2.208896
10.843672
-10.241245
-12.450141
10.642862
-2.610513
-15.261463
8.634775
7.229114
-14.056611
1.405661
12.249332
-9.638819
-9.237202
11.446097
-0.602426
-14.458228
10.642862
9.237202
-12.650950
1.204852
12.851759
-10.040437
-9.036393
13.654994
-1.405661
-13.052567
8.634775
7.429923
-14.659038
-2.610513
17.470360
-11.646906
-5.421836
12.249332
-2.409705
-12.650950
9.839628
10.442054
-14.458228
-1.204852
12.851759
-11.847715
-6.024262
13.654994
2.208896
-10.843672
11.646906
9.638819
-13.654994
0.602426
13.855803
-8.233158
-6.626688
13.052567
0.401617
-13.454185
9.237202
10.241245
-16.064699
2.008087
12.249332
-8.634775
-7.831541
15.462273
0.401617
-13.454185
10.642862
8.433967
-14.859846
1.204852
14.257420
-10.442054
-5.421836
14.659038
0.803235
-12.249332
9.638819
9.036393
-12.450141
0.200809
17.269550
-6.626688
-2.610513
19.277637
1.606470
-13.454185
10.442054
6.626688
-11.646906
2.811322
15.462273
-7.229114
-5.020218
12.851759
0.401617
-13.052567
12.048524
11.245289
-11.847715
2.409705
13.454185
-8.032350
-6.425879
15.863890
2.409705
-13.654994
11.646906
7.028306
-14.257420
3.012131
17.871977
-5.221027
-1.606470
16.265507
1.807279
-12.851759
9.036393
10.040437
-13.855803
3.614557
17.068743
-8.233158
-4.819409
14.458228
2.008087
-13.454185
13.855803
9.839628
-10.442054
1.807279
16.667124
-9.438010
-6.626688
13.855803
0.000000
-15.462273
9.237202
8.634775
-16.265507
-1.204852
12.249332
-12.450141
-9.237202
14.056611
-1.807279
-12.048524
12.249332
12.851759
-7.429923
6.024262
18.072786
-7.229114
-6.827497
15.261463
-0.602426
-10.843672
10.241245
11.245289
-12.450141
1.204852
16.667124
-11.646906
-7.630732
14.257420
-1.004044
-12.450141
13.855803
9.438010
-12.851759
1.204852
13.855803
-9.036393
-4.819409
17.068743
-2.008087
-11.446097
10.642862
8.634775
-13.253376
0.000000
12.048524
-12.650950
-7.630732
14.056611
-2.409705
-11.847715
8.835584
7.429923
-17.269550
0.000000
10.241245
-12.048524
-8.433967
15.261463
0.401617
-8.634775
11.847715
11.245289
-14.257420
1.004044
13.855803
-10.642862
-3.413749
15.060655
1.405661
-12.048524
8.634775
9.237202
-15.261463
3.212940
14.659038
-7.429923
-7.028306
15.863890
-3.012131
-13.052567
8.233158
6.626688
-16.064699
0.602426
13.253376
-10.642862
-7.028306
11.646906
-1.204852
-16.064699
10.843672
6.425879
-15.261463
-0.602426
9.839628
-12.851759
-10.442054
13.654994
-7.831541
-17.470360
7.630732
4.016175
-15.060655
0.803235
9.438010
-11.446097
-8.835584
14.056611
-1.807279
-14.458228
9.839628
7.229114
-16.667124
2.008087
10.241245
-10.843672
-7.831541
11.847715
-0.401617
-17.470360
7.028306
6.024262
-19.277637
2.610513
10.241245
-12.851759
-9.438010
11.646906
-3.012131
-13.855803
10.642862
8.032350
-15.462273
3.413749
12.650950
-10.642862
-7.028306
14.659038
-1.004044
-13.654994
9.438010
4.618601
-18.072786
0.401617
14.056611
-13.253376
-6.024262
11.847715
-3.413749
-13.052567
8.433967
6.225070
-16.667124
2.409705
14.859846
-10.442054
-5.221027
14.659038
0.401617
-11.847715
13.654994
7.429923
-13.253376
4.216983
18.675213
-6.425879
-2.811322
15.060655
-1.405661
-11.245289
10.642862
10.442054
-14.458228
3.614557
14.859846
-11.245289
-7.229114
10.642862
-5.622644
-13.454185
9.839628
6.225070
-14.859846
0.602426
9.839628
-11.245289
-9.036393
11.646906
-5.221027
-13.654994
7.630732
7.028306
-16.265507
2.008087
11.044480
-9.237202
-6.626688
12.450141
-4.819409
-15.663081
8.032350
4.216983
-14.056611
1.606470
11.446097
-9.839628
-6.626688
10.642862
-3.413749
-14.458228
8.032350
7.429923
-14.056611
4.618601
10.642862
-9.237202
-8.433967
12.650950
-2.208896
-13.052567
7.831541
6.024262
-14.257420
4.417792
13.052567
-6.827497
-6.626688
16.265507
-3.212940
-10.241245
7.429923
8.233158
-13.654994
4.016175
12.249332
-10.642862
-9.036393
11.847715
-2.008087
-13.654994
11.245289
6.024262
-12.851759
3.212940
11.245289
-10.642862
-7.630732
10.642862
-2.008087
-13.052567
7.831541
6.827497
-17.269550
0.401617
9.438010
-12.048524
-9.237202
11.044480
-6.425879
-12.450141
8.433967
8.634775
-12.450141
1.004044
12.450141
-10.040437
-7.229114
15.261463
-3.614557
-12.650950
8.835584
7.831541
-13.253376
3.413749
14.659038
-7.229114
-4.618601
15.863890
-3.614557
-13.052567
8.433967
8.032350
-14.659038
4.016175
14.257420
-8.433967
-4.819409
12.851759
-2.208896
-12.450141
12.450141
10.241245
-13.052567
1.606470
11.245289
-10.642862
-4.016175
17.871977
0.803235
-9.036393
12.851759
10.442054
-10.642862
5.221027
11.446097
-10.843672
-8.032350
10.843672
-3.815366
-16.466316
10.241245
6.024262
-12.048524
4.216983
11.245289
-10.843672
-8.233158
11.646906
-5.221027
-13.052567
5.421836
6.626688
-14.859846
1.004044
15.261463
-12.450141
-5.421836
10.442054
-3.012131
-13.253376
7.630732
7.831541
-16.667124
2.008087
11.847715
-9.638819
-7.429923
15.863890
-2.008087
-13.654994
8.634775
4.417792
-16.064699
3.815366
14.859846
-8.835584
-5.221027
11.646906
-1.807279
-14.257420
10.843672
6.827497
-12.851759
4.016175
15.462273
-8.433967
-5.221027
13.052567
-0.401617
-13.454185
12.048524
4.618601
-15.060655
0.401617
12.249332
-8.032350
-5.421836
16.064699
-2.610513
-13.454185
7.831541
6.024262
-13.654994
3.012131
13.253376
-9.438010
-8.233158
14.659038
-0.401617
-10.442054
11.044480
8.032350
-14.056611
3.413749
13.654994
-8.233158
-4.819409
14.659038
-2.610513
-12.650950
7.630732
5.823453
-15.462273
3.815366
11.446097
-8.032350
-7.429923
14.257420
-1.606470
-10.843672
8.233158
9.036393
-17.871977
6.024262
11.446097
-7.229114
-5.421836
15.261463
0.401617
-9.839628
8.433967
9.036393
-14.257420
4.819409
15.863890
-8.835584
-5.020218
12.851759
-2.409705
-13.855803
10.642862
7.831541
-11.847715
4.216983
12.249332
-10.241245
-8.433967
14.659038
-2.409705
-10.241245
6.024262
5.421836
-15.863890
2.008087
16.265507
-7.831541
-5.221027
14.659038
-6.024262
-13.654994
8.634775
8.634775
-12.048524
7.831541
12.249332
-9.839628
-5.421836
13.654994
-1.606470
-9.237202
11.044480
6.626688
-12.650950
0.602426
13.253376
-10.442054
-5.421836
13.654994
-0.803235
-12.851759
11.245289
6.425879
-15.060655
4.819409
9.237202
-10.642862
-9.237202
13.454185
-4.618601
-9.036393
11.245289
7.429923
-11.847715
1.807279
14.659038
-7.630732
-4.819409
15.462273
-3.212940
-14.257420
11.245289
6.626688
-12.249332
3.012131
14.056611
-10.642862
-5.221027
12.048524
-4.618601
-13.052567
8.233158
7.630732
-11.847715
1.204852
13.855803
-12.048524
-4.618601
13.253376
-0.803235
-11.646906
10.843672
7.028306
-12.048524
3.614557
12.048524
-11.446097
-8.835584
11.847715
-6.225070
-12.851759
6.024262
5.622644
-16.667124
4.417792
11.044480
-8.032350
-6.425879
13.052567
-2.811322
-13.855803
6.024262
4.819409
-17.068743
1.807279
13.855803
-9.638819
-5.421836
14.056611
-1.405661
-12.450141
11.044480
5.221027
-14.257420
-0.602426
11.646906
-12.650950
-4.618601
12.450141
-1.606470
-12.249332
10.442054
8.032350
-12.048524
2.409705
11.646906
-10.241245
-5.823453
15.663081
-3.614557
-12.450141
7.028306
5.020218
-13.654994
4.618601
14.056611
-8.433967
-5.421836
15.060655
-2.008087
-7.429923
9.036393
8.634775
-13.654994
3.413749
15.261463
-7.028306
-2.811322
16.466316
0.200809
-9.839628
11.044480
6.225070
-16.064699
1.606470
10.843672
-11.044480
-7.028306
15.060655
-2.610513
-9.036393
11.847715
8.032350
-15.060655
1.606470
12.249332
-10.642862
-5.221027
16.466316
-1.807279
-12.851759
10.241245
6.626688
-14.659038
3.614557
12.249332
-8.233158
-4.216983
17.269550
-4.016175
-13.253376
8.032350
6.225070
-11.245289
5.421836
13.855803
-10.040437
-6.024262
10.241245
-2.008087
-15.663081
11.044480
4.618601
-15.663081
3.012131
13.454185
-11.245289
-4.417792
13.855803
-3.413749
-11.044480
10.040437
6.024262
-11.847715
6.024262
13.454185
-11.646906
-7.630732
12.048524
-2.208896
-9.839628
10.843672
6.225070
-15.261463
2.811322
11.847715
-9.237202
-2.409705
14.659038
-2.008087
-11.446097
6.827497
4.417792
-14.659038
1.204852
12.650950
-11.245289
-5.622644
13.855803
-3.012131
-10.442054
8.433967
6.225070
-13.052567
3.012131
12.851759
-11.245289
-7.229114
10.642862
-2.008087
-14.458228
9.438010
6.626688
-16.466316
2.811322
12.249332
-9.839628
-5.421836
16.867933
-1.807279
-12.450141
9.839628
5.221027
-13.855803
2.610513
11.646906
-11.446097
-7.229114
15.060655
-3.212940
-12.650950
10.241245
6.626688
-13.855803
4.618601
13.654994
-11.044480
-1.807279
14.859846
-2.208896
-11.044480
7.831541
4.216983
-16.867933
2.008087
12.048524
-10.843672
-4.618601
12.450141
-4.618601
-11.245289
9.438010
6.626688
-12.851759
1.405661
11.646906
-10.642862
-5.421836
12.851759
-3.614557
