32.330204
-22.289768
0.000000
0.000000
0.000000
0.000000
0.000000
0.000000
0.000000
0.000000
0.000000
0.000000
0.000000
0.000000
0.000000
0.000000
0.000000
0.000000
0.000000
0.000000
0.000000
0.000000
0.000000
0.000000
0.000000
0.000000
0.000000
0.000000
0.000000
0.000000
0.000000
0.000000
0.000000
0.000000
0.000000
0.000000
0.000000
0.000000
0.000000
0.000000
0.000000
0.000000
0.000000
0.000000
0.000000
0.000000
0.000000
0.000000
0.000000
0.000000
0.000000
0.000000
0.000000
0.000000
0.000000
0.000000
0.000000
0.000000
0.000000
0.000000
0.000000
0.000000
0.000000
0.000000
0.000000
0.000000
0.000000
0.000000
0.000000
0.000000
0.000000
0.000000
0.000000
0.000000
0.000000
0.000000
0.000000
0.000000
0.000000
0.000000
0.000000
0.000000
0.000000
0.000000
0.000000
0.000000
0.000000
0.000000
0.000000
0.000000
0.000000
0.000000
0.000000
0.000000
0.000000
0.000000
0.000000
0.000000
0.000000
0.000000
0.000000
0.000000
0.000000
0.000000
0.000000
0.000000
0.000000
0.000000
0.000000
0.000000
0.000000
0.000000
0.000000
0.000000
0.000000
0.000000
0.000000
0.000000
0.000000
0.000000
0.000000
0.000000
0.000000
0.000000
0.000000
0.000000
0.000000
0.000000
0.000000
0.000000
0.000000
0.000000
0.000000
0.000000
0.000000
0.000000
0.000000
0.000000
0.000000
0.000000
0.000000
0.000000
0.000000
0.000000
0.000000
0.000000
0.000000
0.000000
0.000000
0.000000
0.000000
0.000000
0.000000
0.000000
0.000000
0.000000
0.000000
0.000000
0.000000
0.000000
0.000000
0.000000
0.000000
0.000000
0.000000
0.000000
0.000000
0.000000
0.000000
0.000000
0.000000
0.000000
0.000000
0.000000
0.000000
0.000000
0.000000
0.000000
0.000000
0.000000
0.000000
0.000000
0.000000
0.000000
0.000000
0.000000
0.000000
0.000000
0.000000
0.000000
0.000000
0.000000
0.000000
0.000000
0.000000
0.000000
0.000000
0.000000
0.000000
0.000000
0.000000
0.000000
-12.650950
40.161747
-8.634775
-30.121309
33.133442
11.847715
-38.153660
11.446097
25.904325
-30.522926
-14.659038
34.739910
-12.450141
-34.539101
29.518883
7.028306
-38.555275
8.634775
27.109179
-30.121309
-13.654994
34.739910
-13.253376
-33.936676
28.715649
8.835584
-36.547188
8.433967
27.309988
-30.522926
-15.663081
37.551231
-13.454185
-34.338291
30.522926
6.827497
-36.145573
8.634775
27.510796
-29.719692
-13.454185
37.551231
-11.446097
-30.522926
30.322119
10.241245
-36.948807
12.048524
30.924545
-28.113222
-10.442054
39.157703
-9.839628
-31.125353
33.334248
8.233158
-35.543144
14.859846
29.117266
-27.510796
-10.442054
37.752041
-9.438010
-29.719692
31.928589
11.044480
-37.350426
13.253376
26.707561
-28.715649
-13.654994
36.547188
-11.646906
-34.137486
31.125353
7.028306
-37.551231
10.040437
28.514839
-30.522926
-12.450141
39.559319
-13.654994
-30.121309
30.121309
7.630732
-38.153660
10.040437
26.908369
-29.920502
-14.056611
37.952850
-13.454185
-33.133442
30.522926
9.237202
-36.547188
12.650950
30.522926
-29.719692
-9.438010
38.555275
-9.036393
-31.928589
32.129398
8.634775
-36.547188
11.646906
31.125353
-29.117266
-8.634775
39.760128
-8.032350
-28.715649
34.539101
10.843672
-36.747997
11.646906
30.723736
-28.916456
-9.839628
38.956894
-10.843672
-29.719692
33.735867
11.847715
-35.944763
14.257420
29.318075
-29.719692
-11.044480
36.547188
-11.446097
-30.121309
32.531013
8.433967
-37.149616
12.650950
27.510796
-27.309988
-12.650950
38.555275
-15.261463
-28.715649
33.334248
12.851759
-32.129398
15.060655
28.916456
-29.117266
-11.245289
36.747997
-12.851759
-31.326162
31.727779
9.638819
-36.747997
12.249332
29.318075
-31.125353
-12.249332
37.350426
-12.650950
-28.916456
34.539101
9.237202
-35.342335
11.044480
29.117266
-31.326162
-14.458228
36.747997
-14.458228
-31.526970
32.731823
7.831541
-37.551231
12.851759
26.506752
-30.322119
-13.654994
37.350426
-12.450141
-29.117266
35.342335
9.036393
-35.141529
14.257420
26.506752
-31.928589
-11.446097
34.338291
-11.847715
-30.723736
31.125353
8.433967
-37.551231
13.253376
27.711605
-31.727779
-10.241245
37.952850
-12.450141
-30.522926
31.727779
8.433967
-34.940720
15.462273
29.518883
-31.125353
-11.245289
35.141529
-13.855803
-29.518883
33.133442
8.835584
-36.346378
13.052567
26.707561
-29.719692
-11.044480
36.948807
-13.855803
-29.920502
33.535057
10.442054
-36.145573
14.659038
28.113222
-30.322119
-8.433967
36.547188
-13.052567
-32.129398
31.526970
6.626688
-36.346378
14.257420
27.912413
-26.908369
-7.028306
40.964981
-9.638819
-27.510796
35.141529
9.036393
-32.531013
15.060655
27.711605
-29.518883
-8.634775
36.747997
-11.245289
-28.916456
34.338291
9.237202
-33.535057
14.458228
28.514839
-30.121309
-8.433967
39.559319
-11.446097
-27.912413
33.936676
9.638819
-32.531013
19.277637
30.924545
-27.711605
-9.438010
36.145573
-11.446097
-30.121309
34.940720
7.028306
-35.944763
14.257420
27.711605
-30.121309
-9.438010
37.551231
-11.245289
-27.109179
34.539101
11.847715
-35.944763
15.863890
30.121309
-30.723736
-8.233158
39.559319
-13.253376
-28.314032
33.936676
7.630732
-34.539101
15.462273
29.318075
-28.314032
-7.429923
39.157703
-13.253376
-30.522926
31.125353
5.421836
-36.948807
13.253376
26.707561
-32.129398
-11.446097
36.948807
-14.056611
-30.322119
32.731823
7.630732
-39.358513
14.458228
22.892195
-31.928589
-11.245289
38.153660
-14.257420
-29.117266
33.334248
7.630732
-36.346378
15.663081
26.105135
-30.121309
-7.429923
38.756084
-13.654994
-28.715649
33.133442
6.827497
-34.539101
16.265507
26.908369
-30.322119
-8.835584
37.752041
-12.450141
-28.113222
34.940720
7.429923
-36.747997
17.269550
27.109179
-29.920502
-5.421836
37.952850
-12.048524
-27.912413
32.932632
7.831541
-35.944763
19.277637
28.715649
-27.309988
-6.626688
37.551231
-11.646906
-27.711605
34.940720
8.233158
-36.948807
16.867933
25.502708
-30.723736
-9.036393
35.543144
-14.659038
-29.719692
31.326162
5.421836
-38.756084
16.064699
25.101091
-30.924545
-10.843672
36.145573
-15.863890
-26.305944
34.539101
8.233158
-36.346378
17.269550
25.703518
-29.719692
-9.438010
35.342335
-16.064699
-29.117266
33.334248
6.225070
-36.145573
16.064699
29.117266
-28.715649
-7.831541
38.153660
-16.667124
-29.117266
33.133442
6.225070
-39.157703
17.068743
24.297857
-31.928589
-8.634775
34.338291
-15.863890
-29.518883
34.940720
7.028306
-35.141529
18.876020
25.904325
-31.526970
-9.438010
34.539101
-17.269550
-27.711605
33.334248
8.032350
-36.346378
16.466316
23.896238
-30.924545
-10.040437
38.756084
-14.458228
-27.109179
34.940720
5.020218
-36.747997
15.261463
25.101091
-31.125353
-8.433967
36.346378
-15.663081
-28.514839
34.539101
7.429923
-36.346378
18.072786
23.494621
-33.133442
-9.839628
35.342335
-15.261463
-28.113222
32.932632
5.421836
-36.145573
17.871977
27.510796
-31.727779
-7.831541
36.747997
-15.462273
-26.908369
33.735867
5.221027
-36.346378
15.863890
27.109179
-32.932632
-7.229114
34.940720
-18.876020
-29.719692
32.531013
5.421836
-35.743954
14.257420
24.297857
-36.948807
-8.835584
34.940720
-18.273594
-27.309988
34.940720
5.221027
-33.535057
18.675213
24.498665
-30.522926
-8.233158
35.944763
-16.064699
-26.305944
34.137486
6.425879
-35.342335
18.675213
25.904325
-28.916456
-1.606470
40.161747
-11.646906
-21.888151
35.944763
7.630732
-32.129398
21.285725
26.506752
-26.707561
-2.409705
38.153660
-10.843672
-21.486534
38.153660
7.429923
-29.920502
21.687344
25.703518
-25.703518
-0.602426
39.559319
-9.839628
-16.064699
37.551231
8.233158
-24.297857
26.707561
28.916456
-21.486534
5.221027
38.354469
-6.225070
-12.048524
37.952850
9.036393
-24.900282
23.896238
25.301901
-18.876020
3.614557
39.358513
-8.032350
-13.855803
37.752041
10.442054
-23.695431
24.699474
26.305944
-21.084917
5.622644
37.952850
-7.028306
-14.458228
34.739910
5.622644
-27.912413
20.080873
25.301901
-23.494621
2.610513
33.133442
-11.446097
-18.474403
33.334248
5.622644
-26.707561
23.093004
24.699474
-20.080873
2.409705
34.539101
-13.253376
-16.064699
31.928589
4.819409
-26.305944
22.289768
21.888151
-22.691387
-2.610513
30.924545
-15.863890
-17.871977
32.330204
3.413749
-26.105135
19.679256
21.486534
-25.904325
-1.004044
30.522926
-13.253376
-17.470360
31.928589
6.225070
-25.904325
22.088961
20.683300
-24.097048
-0.401617
31.727779
-11.446097
-18.474403
30.924545
1.807279
-29.518883
16.466316
18.273594
-26.506752
-3.012131
28.715649
-18.876020
-21.888151
26.908369
3.012131
-30.522926
17.671167
16.466316
-28.715649
-2.811322
28.514839
-17.269550
-22.691387
29.920502
-0.803235
-29.518883
15.261463
16.867933
-29.318075
-2.811322
28.314032
-17.269550
-24.097048
26.707561
-2.610513
-32.932632
14.458228
15.663081
-29.920502
-5.421836
27.309988
-17.269550
-24.097048
25.703518
-2.409705
-35.141529
14.257420
15.663081
-30.121309
-6.827497
24.498665
-20.884108
-27.510796
26.305944
-2.610513
-32.531013
16.466316
14.659038
-29.318075
-3.212940
27.711605
-16.867933
-24.498665
25.502708
-1.807279
-32.129398
15.261463
16.466316
-29.518883
-3.012131
29.318075
-17.871977
-22.088961
27.309988
-0.401617
-31.727779
15.060655
13.253376
-29.518883
-5.823453
27.309988
-17.269550
-25.301901
27.912413
-2.008087
-32.129398
13.454185
16.466316
-30.723736
-5.020218
28.314032
-20.482491
-25.703518
25.703518
-2.208896
-33.334248
14.659038
14.659038
-31.326162
-5.221027
26.707561
-18.675213
-24.097048
26.908369
0.200809
-33.133442
16.867933
15.462273
-31.326162
-7.028306
27.711605
-19.478447
-22.289768
30.322119
-0.803235
-33.334248
15.060655
13.855803
-31.326162
-4.016175
28.715649
-15.462273
-21.285725
28.916456
-1.606470
-31.526970
15.663081
19.076830
-28.715649
-3.614557
28.514839
-18.072786
-23.293812
28.715649
-0.803235
-34.338291
18.072786
14.458228
-28.314032
-5.823453
29.117266
-17.671167
-23.695431
29.117266
-1.004044
-32.531013
16.265507
17.470360
-28.514839
-4.216983
28.314032
-19.880064
-25.904325
27.109179
-3.012131
-31.928589
15.060655
16.466316
-29.920502
-3.413749
28.514839
-18.675213
-24.498665
30.121309
-1.405661
-29.719692
16.265507
15.663081
-30.522926
-3.614557
26.908369
-17.871977
-25.101091
27.109179
-2.208896
-32.330204
17.068743
16.064699
-27.711605
-3.012131
29.920502
-14.458228
-20.281681
30.322119
1.204852
-30.322119
18.474403
17.671167
-29.318075
-3.413749
28.514839
-15.863890
-23.896238
29.117266
-1.405661
-32.731823
17.470360
15.863890
-29.518883
-5.622644
29.318075
-18.675213
-21.285725
28.514839
0.401617
-31.727779
15.863890
18.675213
-30.121309
-2.811322
26.506752
-17.871977
-24.498665
29.117266
-0.401617
-30.322119
19.277637
19.679256
-28.113222
-3.212940
29.117266
-16.667124
-20.080873
30.723736
-0.401617
-31.526970
17.470360
17.068743
-29.117266
-4.016175
29.318075
-17.269550
-19.277637
30.322119
0.803235
-30.924545
17.671167
18.273594
-29.518883
-2.008087
27.109179
-19.679256
-21.486534
27.109179
0.803235
-30.924545
18.474403
17.871977
-29.518883
-0.401617
27.309988
-15.060655
-22.088961
29.920502
-1.405661
-32.330204
17.269550
16.265507
-29.518883
-1.405661
29.117266
-18.273594
-20.683300
29.719692
0.000000
-28.514839
20.683300
20.683300
-26.506752
0.200809
30.121309
-17.671167
-22.289768
30.522926
-0.401617
-30.121309
19.277637
17.470360
-29.117266
-0.803235
30.121309
-19.478447
-22.289768
26.908369
-1.807279
-30.322119
18.675213
17.068743
-30.924545
-1.807279
26.908369
-15.261463
-22.088961
30.322119
-1.606470
-33.735867
16.867933
17.671167
-32.330204
-1.807279
27.109179
-19.277637
-20.683300
29.920502
-0.200809
-29.518883
20.281681
19.277637
-26.908369
-0.401617
28.715649
-16.466316
-21.888151
30.121309
-0.401617
-30.322119
21.084917
17.671167
-25.904325
0.000000
31.125353
-15.863890
-19.277637
30.522926
0.401617
-28.715649
18.675213
18.072786
-28.715649
-1.004044
30.322119
-16.466316
-20.080873
29.719692
-1.004044
-30.924545
21.084917
17.671167
-25.904325
0.200809
30.924545
-18.474403
-20.884108
27.510796
-1.807279
-31.326162
19.679256
18.675213
-27.711605
-0.602426
28.514839
-19.277637
-20.884108
31.125353
0.200809
-26.908369
19.679256
19.478447
-26.707561
1.807279
30.121309
-16.667124
-20.080873
28.715649
-1.606470
-30.723736
17.871977
17.068743
-30.121309
0.401617
27.109179
-16.466316
-21.285725
30.924545
-1.004044
-29.920502
20.884108
17.671167
-27.912413
-0.602426
29.117266
-17.671167
-18.675213
33.535057
-0.200809
-28.715649
16.466316
15.261463
-29.719692
-2.610513
29.518883
-18.273594
-18.876020
31.125353
1.204852
-31.326162
21.285725
16.867933
-27.510796
-1.807279
27.109179
-20.080873
-20.683300
30.121309
-0.401617
-29.318075
19.277637
16.466316
-27.711605
-1.405661
30.522926
-19.277637
-21.285725
26.105135
-4.819409
-32.731823
17.269550
15.462273
-30.924545
-0.401617
26.908369
-17.871977
-21.687344
28.715649
-0.803235
-30.723736
19.076830
16.265507
-29.518883
-2.610513
30.723736
-20.683300
-19.277637
27.309988
-3.413749
-31.326162
18.072786
17.068743
-29.318075
-0.200809
29.719692
-17.871977
-17.871977
31.727779
0.000000
-30.723736
20.080873
14.859846
-27.510796
-0.401617
32.129398
-16.064699
-18.675213
35.543144
-0.200809
-26.506752
22.490578
19.277637
-27.309988
2.811322
29.518883
-14.659038
-18.876020
31.928589
-3.413749
-30.522926
19.679256
16.667124
-26.707561
-0.803235
28.113222
-16.867933
-23.093004
31.326162
-2.610513
-30.723736
19.880064
15.863890
-30.723736
-0.200809
27.912413
-18.273594
-19.880064
29.719692
-1.405661
-30.924545
21.486534
16.867933
-27.912413
1.004044
29.719692
-18.675213
-17.068743
30.121309
-0.200809
-30.121309
21.285725
18.474403
-29.117266
1.807279
28.314032
-18.675213
-18.876020
32.330204
-0.602426
-29.518883
19.277637
14.859846
-30.924545
2.610513
31.125353
-13.855803
-16.265507
34.137486
0.000000
-28.916456
20.884108
16.867933
-28.715649
1.606470
29.920502
-18.273594
-20.683300
29.518883
-4.016175
-32.531013
20.884108
16.064699
-28.715649
0.401617
29.117266
-18.273594
-16.667124
32.330204
-1.606470
-30.322119
17.269550
15.863890
-30.924545
0.401617
29.318075
-18.675213
-20.683300
29.117266
-4.216983
-31.326162
19.277637
16.466316
-31.125353
-1.405661
25.502708
-21.687344
-21.888151
29.920502
-3.012131
-31.326162
19.679256
15.261463
-27.510796
3.413749
30.924545
-14.859846
-19.076830
34.137486
-0.401617
-28.715649
21.486534
16.064699
-31.326162
-1.204852
26.105135
-19.679256
-20.683300
30.121309
-3.413749
-31.727779
19.880064
16.064699
-30.121309
-0.602426
26.707561
-18.876020
-18.474403
32.531013
-1.807279
-29.719692
19.478447
16.466316
-28.314032
1.807279
29.117266
-19.076830
-20.683300
30.924545
-2.811322
-31.727779
20.281681
14.458228
-29.117266
1.807279
29.117266
-18.273594
-19.679256
30.522926
-3.012131
-30.723736
20.884108
17.269550
-30.322119
2.409705
27.510796
-19.679256
-21.687344
28.715649
-3.815366
-32.731823
21.084917
14.859846
-30.924545
1.204852
28.113222
-18.675213
-20.482491
29.117266
-3.012131
-31.526970
21.285725
13.654994
-29.518883
-1.004044
28.314032
-19.679256
-19.880064
29.117266
-4.016175
-28.314032
20.080873
17.671167
-30.121309
0.602426
28.916456
-21.285725
-18.273594
29.518883
-4.016175
-28.113222
20.281681
16.064699
-30.924545
0.000000
27.711605
-18.273594
-18.675213
32.932632
-1.807279
-29.518883
20.482491
17.269550
-32.330204
3.413749
30.121309
-17.470360
-15.261463
32.531013
-2.208896
-30.723736
25.101091
18.876020
-23.896238
7.630732
30.924545
-17.671167
-17.470360
31.526970
-0.602426
-29.117266
24.699474
16.064699
-27.912413
2.811322
30.322119
-19.076830
-15.462273
31.125353
0.401617
-28.514839
23.093004
15.863890
-28.314032
3.614557
30.322119
-17.269550
-17.470360
30.522926
-3.212940
-29.719692
19.880064
15.663081
-29.719692
2.008087
29.518883
-19.076830
-16.265507
32.330204
-1.004044
-28.715649
20.080873
14.257420
-31.526970
3.413749
28.715649
-16.867933
-16.867933
32.129398
0.401617
-27.510796
22.892195
16.466316
-31.727779
1.807279
25.703518
-20.281681
-20.281681
30.522926
-3.614557
-29.920502
20.482491
13.855803
-30.322119
1.004044
31.326162
-18.072786
-15.663081
31.928589
-2.610513
-31.326162
21.687344
13.454185
-31.125353
2.409705
26.707561
-18.273594
-17.068743
32.731823
-0.200809
-29.117266
22.691387
15.060655
-30.522926
2.208896
29.318075
-19.679256
-15.060655
30.924545
-2.610513
-30.723736
19.277637
14.257420
-30.322119
2.008087
28.916456
-21.285725
-16.667124
29.117266
-3.212940
-29.117266
21.486534
15.462273
-28.916456
2.811322
27.912413
-19.076830
-18.273594
31.125353
-3.212940
-29.719692
21.687344
15.060655
-31.125353
2.409705
27.510796
-19.478447
-17.068743
32.731823
-3.815366
-28.916456
22.088961
13.253376
-27.711605
3.212940
30.121309
-16.667124
-16.064699
32.531013
-3.212940
-30.522926
20.683300
15.060655
-30.522926
3.212940
29.318075
-20.683300
-16.667124
32.330204
-4.819409
-27.912413
20.884108
16.265507
-31.727779
4.216983
25.904325
-20.080873
-17.871977
29.318075
-3.614557
-28.916456
21.888151
15.261463
-31.326162
1.004044
26.305944
-19.076830
-18.072786
33.334248
-3.614557
-27.912413
22.490578
15.261463
-30.522926
1.807279
28.113222
-21.486534
-16.265507
33.735867
-2.008087
-26.105135
23.695431
15.663081
-29.920502
2.811322
28.514839
-17.470360
-17.068743
32.531013
-4.417792
-29.518883
22.088961
15.462273
-32.129398
0.803235
24.498665
-22.088961
-19.880064
31.125353
-5.421836
-29.117266
24.498665
14.257420
-28.715649
2.409705
27.309988
-19.277637
-18.474403
30.121309
-5.622644
-32.330204
23.093004
14.056611
-29.920502
3.614557
27.309988
-19.076830
-17.068743
32.731823
-2.610513
-28.715649
22.088961
15.261463
-30.924545
2.811322
28.514839
-21.687344
-17.871977
30.522926
-4.016175
-28.514839
23.695431
14.859846
-30.522926
3.012131
29.117266
-19.277637
-15.462273
32.731823
-5.221027
-28.916456
21.687344
14.056611
-30.723736
4.417792
27.711605
-17.470360
-17.068743
31.928589
-3.212940
-29.719692
23.293812
14.458228
-32.330204
2.811322
26.707561
-21.285725
-16.466316
29.318075
-4.016175
-30.723736
24.699474
13.454185
-27.510796
3.614557
28.113222
-20.080873
-17.068743
30.121309
-5.020218
-31.326162
21.687344
12.450141
-31.727779
2.409705
26.506752
-20.884108
-18.474403
29.719692
-5.823453
-28.715649
24.699474
16.064699
-29.719692
1.004044
25.502708
-22.691387
-17.671167
33.334248
-4.016175
-28.715649
23.093004
13.855803
-30.322119
3.413749
26.908369
-22.088961
-17.470360
30.121309
-3.614557
-30.121309
21.486534
13.855803
-30.522926
5.020218
28.514839
-20.683300
-15.863890
31.326162
-2.409705
-28.715649
23.093004
12.650950
-31.125353
5.020218
28.715649
-18.474403
-14.056611
32.531013
-2.409705
-27.711605
23.494621
14.458228
-29.719692
4.016175
29.719692
-19.679256
-15.462273
31.928589
-4.417792
-27.912413
22.289768
14.257420
-31.326162
4.618601
25.301901
-18.675213
-17.871977
31.526970
-4.016175
-27.912413
24.097048
16.667124
-29.518883
5.421836
27.109179
-20.482491
-15.462273
34.137486
-4.016175
-26.506752
23.695431
15.462273
-28.113222
7.630732
30.924545
-16.667124
-13.253376
34.338291
-6.626688
-29.318075
19.277637
12.249332
-31.526970
4.819409
28.514839
-18.474403
-17.068743
31.326162
-5.622644
-28.314032
24.900282
15.863890
-29.920502
6.024262
28.113222
-21.084917
-14.257420
34.338291
-3.212940
-24.498665
25.502708
15.261463
-27.309988
6.827497
28.916456
-21.084917
-15.060655
30.723736
-4.618601
-27.510796
24.297857
13.253376
-29.318075
2.811322
25.502708
-20.683300
-15.663081
33.133442
-2.811322
-29.920502
21.888151
13.454185
-31.526970
7.028306
27.711605
-19.880064
-16.867933
30.322119
-6.225070
-30.121309
23.093004
12.249332
-28.715649
5.020218
29.117266
-21.687344
-14.056611
30.522926
-2.208896
-26.707561
24.699474
14.257420
-29.518883
4.016175
26.908369
-24.097048
-16.867933
30.121309
-5.823453
-30.121309
21.285725
10.442054
-30.924545
2.811322
28.916456
-21.486534
-14.659038
33.334248
-5.421836
-28.113222
21.687344
13.855803
-31.125353
4.016175
27.109179
-24.297857
-18.474403
32.531013
-4.819409
-26.908369
24.699474
14.056611
-30.924545
7.630732
27.912413
-21.486534
-16.867933
30.522926
-5.221027
-31.727779
21.285725
8.634775
-34.137486
4.618601
26.506752
-20.683300
-15.261463
31.526970
-5.421836
-28.514839
22.691387
12.650950
-31.526970
5.221027
27.510796
-20.281681
-16.265507
31.326162
-8.835584
-31.326162
21.888151
11.847715
-30.522926
7.229114
27.912413
-19.880064
-14.056611
32.129398
-2.008087
-26.105135
27.711605
16.867933
-30.121309
6.827497
27.309988
-21.888151
-15.060655
32.330204
-4.819409
-28.514839
25.301901
11.044480
-30.121309
2.811322
26.707561
-22.289768
-15.261463
32.129398
-7.429923
-29.117266
23.093004
12.851759
-27.510796
7.429923
28.715649
-19.679256
-13.654994
32.129398
-4.216983
-26.105135
24.297857
12.450141
-30.723736
6.225070
26.105135
-19.076830
-12.851759
32.731823
-3.614557
-26.105135
22.691387
14.257420
-27.912413
11.446097
30.121309
-17.871977
-12.650950
34.338291
-5.421836
-22.289768
28.314032
16.667124
-20.884108
14.859846
29.318075
-19.076830
-11.646906
30.522926
-6.024262
-23.494621
25.703518
11.847715
-25.703518
11.847715
26.105135
-16.867933
-9.237202
33.735867
-4.618601
-22.892195
23.695431
8.233158
-29.518883
7.630732
23.293812
-20.080873
-11.847715
30.723736
-7.028306
-23.896238
26.707561
10.442054
-24.498665
8.233158
23.896238
-21.687344
-9.839628
29.117266
-5.421836
-25.904325
22.088961
10.241245
-29.719692
7.630732
22.490578
-20.080873
-10.040437
32.932632
-2.811322
-23.093004
28.916456
11.646906
-26.506752
8.634775
22.892195
-19.478447
-11.646906
32.129398
-6.626688
-24.498665
24.297857
10.843672
-29.318075
7.831541
24.498665
-22.892195
-11.847715
30.121309
-7.028306
-30.322119
18.474403
7.229114
-39.157703
-4.417792
17.871977
-33.735867
-29.518883
25.101091
-18.675213
-41.768215
16.265507
5.020218
-42.973068
-4.016175
18.474403
-35.743954
-28.113222
23.293812
-15.863890
-42.370644
17.269550
3.614557
-41.969025
-2.008087
22.088961
-31.326162
-26.105135
26.908369
-16.064699
-42.169834
17.269550
5.221027
-43.575493
-2.008087
21.285725
-30.723736
-24.900282
29.518883
-11.446097
-40.161747
20.482491
7.429923
-43.173878
-0.200809
23.494621
-29.518883
-23.494621
30.322119
-14.659038
-38.756084
18.273594
9.438010
-40.964981
2.008087
25.301901
-29.719692
-19.679256
30.723736
-9.237202
-40.563362
19.277637
10.241245
-40.764172
3.212940
26.506752
-31.727779
-22.490578
31.928589
-10.642862
-36.948807
22.691387
10.442054
-38.956894
4.016175
28.314032
-26.105135
-20.482491
32.531013
-9.237202
-37.350426
23.093004
13.454185
-36.547188
6.225070
32.330204
-26.506752
-19.880064
34.137486
-8.835584
-34.137486
25.101091
11.847715
-35.944763
4.618601
31.526970
-25.101091
-19.880064
34.338291
-7.429923
-33.936676
26.105135
12.851759
-38.354469
2.208896
30.322119
-26.305944
-18.675213
36.145573
-9.237202
-33.936676
25.502708
13.855803
-36.948807
6.827497
31.928589
-24.498665
-18.273594
33.535057
-6.024262
-35.743954
27.309988
14.257420
-35.944763
7.630732
35.141529
-22.691387
-17.269550
38.756084
-7.028306
-31.526970
27.510796
14.659038
-35.342335
8.835584
33.133442
-23.293812
-19.277637
34.539101
-6.827497
-30.121309
30.924545
21.084917
-32.531013
8.032350
32.531013
-22.691387
-15.663081
39.760128
-4.016175
-32.531013
28.314032
14.859846
-33.735867
8.233158
35.141529
-22.088961
-15.261463
37.952850
-5.020218
-32.330204
27.711605
15.060655
-38.756084
5.421836
28.113222
-23.896238
-18.675213
38.956894
-3.815366
-33.535057
31.727779
15.863890
-33.334248
7.429923
33.735867
-24.498665
-16.867933
38.555275
-6.024262
-33.133442
30.121309
16.265507
-31.928589
11.446097
35.543144
-21.084917
-19.076830
37.952850
-7.429923
-32.932632
32.932632
17.068743
-31.326162
11.245289
32.129398
-21.486534
-17.269550
40.764172
-5.020218
-30.723736
29.117266
16.667124
-33.535057
9.839628
35.944763
-22.088961
-14.659038
39.358513
-4.618601
-32.129398
32.531013
17.269550
-30.322119
10.642862
34.137486
-23.093004
-16.466316
38.956894
-3.614557
-31.526970
27.309988
16.466316
-36.346378
6.024262
34.940720
-24.498665
-14.458228
40.161747
-4.819409
-34.338291
27.711605
16.064699
-33.936676
9.438010
35.944763
-25.301901
-13.052567
39.559319
-2.811322
-30.723736
30.924545
16.466316
-35.342335
9.036393
32.932632
-22.289768
-15.261463
40.362556
-4.618601
-31.526970
28.916456
18.072786
-36.948807
7.028306
31.928589
-27.109179
-17.269550
37.752041
-4.216983
-30.522926
29.318075
17.871977
-36.547188
8.634775
32.531013
-23.293812
-15.261463
39.358513
-3.212940
-33.334248
29.518883
15.663081
-33.535057
8.233158
33.133442
-22.892195
-15.663081
39.358513
-3.614557
-34.338291
30.723736
15.663081
-33.936676
8.032350
31.928589
-24.900282
-15.663081
39.960938
-5.421836
-30.924545
29.719692
14.257420
-34.739910
6.225070
33.735867
-24.699474
-13.454185
38.354469
-5.020218
-30.522926
31.928589
18.474403
-33.535057
10.241245
31.928589
-25.904325
-16.867933
36.948807
-7.028306
-32.129398
29.920502
14.056611
-33.735867
8.433967
33.936676
-23.695431
-14.659038
39.157703
-5.622644
-32.129398
29.518883
16.466316
-33.936676
10.442054
34.739910
-23.896238
-12.249332
42.973068
-3.815366
-28.715649
30.723736
15.060655
-33.735867
8.233158
32.129398
-25.502708
-17.470360
37.752041
-7.229114
-32.531013
28.514839
15.060655
-35.743954
8.433967
32.531013
-24.900282
-17.068743
40.362556
-6.827497
-32.330204
30.121309
13.654994
-33.334248
8.233158
33.133442
-25.301901
-18.072786
38.153660
-7.630732
-33.735867
27.912413
13.253376
-34.539101
10.442054
35.944763
-23.293812
-13.454185
38.756084
-4.016175
-31.326162
31.727779
14.257420
-36.346378
5.823453
29.719692
-27.912413
-18.876020
38.153660
-8.433967
-31.928589
28.113222
13.052567
-35.543144
7.630732
31.727779
-25.703518
-18.474403
35.342335
-8.233158
-34.940720
26.707561
13.855803
-37.952850
6.024262
31.326162
-27.309988
-14.859846
39.559319
-5.421836
-29.518883
31.326162
16.064699
-34.539101
7.429923
31.125353
-27.309988
-16.667124
38.354469
-7.229114
-29.920502
29.518883
15.462273
-35.543144
10.040437
30.121309
-25.904325
-16.064699
37.551231
-4.819409
-31.928589
29.117266
15.663081
-36.346378
11.245289
31.727779
-25.101091
-15.863890
35.543144
-8.634775
-34.739910
28.715649
14.458228
-33.334248
8.233158
33.735867
-25.502708
-15.060655
38.354469
-5.622644
-29.117266
33.936676
17.269550
-32.531013
8.835584
31.326162
-25.101091
-15.863890
37.752041
-6.024262
-34.940720
32.129398
11.646906
-32.932632
8.032350
32.330204
-27.109179
-15.261463
38.153660
-5.421836
-30.322119
31.727779
15.462273
-34.739910
9.036393
31.326162
-25.101091
-15.462273
39.157703
-7.429923
-31.727779
29.719692
15.261463
-34.739910
10.642862
31.326162
-25.301901
-13.654994
39.960938
-6.225070
-31.125353
28.715649
13.855803
-35.342335
11.847715
29.318075
-24.097048
-16.064699
36.145573
-6.024262
-32.531013
30.121309
14.257420
-35.543144
7.229114
29.920502
-26.908369
-16.667124
39.157703
-7.831541
-30.723736
29.318075
14.458228
-35.342335
9.638819
32.129398
-23.896238
-15.261463
38.153660
-8.433967
-29.920502
29.518883
17.470360
-35.944763
8.433967
29.117266
-26.506752
-16.265507
36.547188
-8.433967
-33.535057
29.518883
13.253376
-33.334248
9.839628
30.522926
-26.305944
-16.466316
38.354469
-8.835584
-30.522926
27.711605
