-8.634775
7.028306
0.000000
0.000000
0.000000
0.000000
0.000000
0.000000
0.000000
0.000000
0.000000
0.000000
0.000000
0.000000
0.000000
0.000000
0.000000
0.000000
0.000000
0.000000
0.000000
0.000000
0.000000
0.000000
0.000000
0.000000
0.000000
0.000000
0.000000
0.000000
0.000000
0.000000
0.000000
0.000000
0.000000
0.000000
0.000000
0.000000
0.000000
0.000000
0.000000
0.000000
0.000000
0.000000
0.000000
0.000000
0.000000
0.000000
0.000000
0.000000
0.000000
0.000000
0.000000
0.000000
0.000000
0.000000
0.000000
0.000000
0.000000
0.000000
0.000000
0.000000
0.000000
0.000000
0.000000
0.000000
0.000000
0.000000
0.000000
0.000000
0.000000
0.000000
0.000000
0.000000
0.000000
0.000000
0.000000
0.000000
0.000000
0.000000
0.000000
0.000000
0.000000
0.000000
0.000000
0.000000
0.000000
0.000000
0.000000
0.000000
0.000000
0.000000
0.000000
0.000000
0.000000
0.000000
0.000000
0.000000
0.000000
0.000000
0.000000
0.000000
0.000000
0.000000
0.000000
0.000000
0.000000
0.000000
0.000000
0.000000
0.000000
0.000000
0.000000
0.000000
0.000000
0.000000
0.000000
0.000000
0.000000
0.000000
0.000000
0.000000
0.000000
0.000000
0.000000
0.000000
0.000000
0.000000
0.000000
0.000000
0.000000
0.000000
0.000000
0.000000
0.000000
0.000000
0.000000
0.000000
0.000000
0.000000
0.000000
0.000000
0.000000
0.000000
0.000000
0.000000
0.000000
0.000000
0.000000
0.000000
0.000000
0.000000
0.000000
0.000000
0.000000
0.000000
0.000000
0.000000
0.000000
0.000000
0.000000
0.000000
0.000000
0.000000
0.000000
0.000000
0.000000
0.000000
0.000000
0.000000
0.000000
0.000000
0.000000
0.000000
0.000000
0.000000
0.000000
0.000000
0.000000
0.000000
0.000000
0.000000
0.000000
0.000000
0.000000
0.000000
0.000000
0.000000
0.000000
0.000000
0.000000
0.000000
0.000000
0.000000
0.000000
0.000000
0.000000
0.000000
0.000000
0.000000
0.000000
0.000000
3.815366
-8.233158
3.413749
4.417792
-7.630732
-5.221027
7.028306
-5.221027
-10.442054
7.028306
2.208896
-8.433967
2.208896
5.221027
-6.425879
-5.020218
11.245289
-4.016175
-8.433967
7.429923
1.807279
-8.233158
5.622644
5.221027
-5.020218
-7.229114
10.241245
-4.216983
-6.024262
10.040437
4.618601
-8.433967
3.614557
3.815366
-8.634775
-7.429923
8.634775
-4.618601
-7.630732
7.229114
-1.606470
-12.450141
0.000000
6.024262
-5.823453
0.200809
9.237202
-3.012131
-11.446097
4.819409
-1.204852
-10.843672
2.208896
5.421836
-10.843672
-3.614557
6.827497
-3.815366
-8.835584
8.032350
0.602426
-7.229114
2.610513
6.225070
-9.036393
-1.004044
12.048524
0.803235
-5.020218
7.229114
-2.008087
-13.454185
3.212940
5.020218
-5.221027
1.004044
8.233158
-4.618601
-8.233158
4.216983
0.200809
-8.835584
2.208896
5.823453
-7.831541
-2.811322
8.433967
-1.807279
-7.429923
7.429923
0.401617
-12.249332
3.212940
5.823453
-7.028306
-1.807279
8.634775
-3.212940
-7.429923
7.630732
-0.401617
-9.036393
4.417792
9.638819
-4.016175
-2.811322
9.839628
-2.409705
-8.433967
10.040437
1.004044
-8.634775
5.421836
5.823453
-6.024262
-6.827497
6.425879
-6.024262
-8.233158
7.229114
3.815366
-8.433967
8.032350
7.229114
-3.212940
-4.417792
6.827497
-5.221027
-11.044480
7.028306
0.401617
-9.638819
2.409705
6.425879
-7.630732
-4.216983
9.638819
-2.610513
-7.429923
10.241245
1.606470
-6.626688
5.221027
9.237202
-5.221027
-3.413749
8.433967
-4.618601
-7.831541
8.835584
1.807279
-9.237202
5.221027
8.032350
-3.413749
0.803235
8.835584
-1.004044
-8.433967
9.638819
-1.204852
-10.843672
1.004044
4.216983
-5.622644
-4.618601
7.630732
-5.823453
-9.839628
7.630732
1.405661
-10.642862
0.803235
3.815366
-10.442054
-4.618601
8.233158
-0.803235
-7.831541
13.052567
3.212940
-10.442054
2.811322
2.811322
-9.237202
-5.221027
6.626688
-6.626688
-10.241245
10.241245
1.807279
-4.618601
4.417792
9.036393
-7.429923
-1.204852
8.032350
-3.012131
-7.429923
11.847715
4.417792
-6.024262
5.421836
4.618601
-8.634775
-4.016175
6.626688
-1.807279
-9.237202
8.433967
0.401617
-12.249332
0.401617
3.212940
-8.433967
-2.008087
8.835584
-2.409705
-11.847715
6.626688
-2.008087
-7.630732
4.417792
8.032350
-5.622644
-2.208896
9.638819
-2.610513
-9.438010
8.634775
0.401617
-8.634775
4.618601
6.827497
-6.024262
-0.803235
11.245289
-1.807279
-7.229114
8.634775
2.008087
-6.425879
6.626688
10.241245
-3.815366
0.602426
10.442054
-1.807279
-10.040437
7.831541
2.409705
-9.237202
7.229114
7.229114
-5.622644
-4.819409
10.241245
-4.016175
-6.225070
9.438010
2.610513
-9.438010
5.221027
6.626688
-6.827497
-1.204852
9.036393
-2.208896
-6.024262
9.237202
1.807279
-10.241245
5.020218
3.614557
-6.425879
-3.614557
8.835584
-3.614557
-8.433967
10.442054
2.208896
-7.630732
7.831541
6.225070
-4.417792
-3.212940
10.642862
-6.225070
-5.421836
9.638819
3.012131
-6.024262
6.827497
7.831541
-4.016175
-2.409705
10.843672
-4.016175
-6.626688
9.638819
1.606470
-8.233158
4.417792
6.425879
-7.831541
-2.610513
10.040437
-4.618601
-5.622644
9.237202
2.610513
-10.040437
4.819409
3.815366
-8.433967
-2.610513
7.831541
-4.819409
-6.425879
11.245289
1.004044
-7.630732
0.401617
4.819409
-9.237202
-0.401617
12.249332
-0.803235
-4.417792
8.634775
-1.004044
-11.044480
-0.803235
5.221027
-11.245289
-1.606470
8.032350
-6.225070
-9.438010
5.823453
-0.803235
-9.036393
1.204852
4.819409
-10.442054
-3.012131
8.032350
-5.221027
-8.634775
10.040437
1.204852
-5.622644
6.024262
8.835584
-3.815366
1.004044
11.245289
-0.200809
-9.839628
7.229114
-3.815366
-10.241245
4.016175
8.032350
-3.212940
-1.004044
11.646906
-0.803235
-6.827497
10.442054
0.602426
-8.835584
2.409705
3.212940
-8.835584
-2.811322
7.831541
-4.618601
-9.036393
6.626688
-0.401617
-8.634775
4.618601
6.626688
-7.028306
-1.405661
7.630732
-4.016175
-8.233158
7.831541
-0.602426
-10.040437
5.823453
5.622644
-5.020218
-2.610513
8.634775
-6.425879
-8.233158
6.225070
0.602426
-9.237202
4.016175
8.634775
-6.626688
-3.413749
7.229114
-7.229114
-11.646906
10.442054
0.200809
-5.622644
6.827497
7.028306
-5.823453
-5.221027
6.626688
-6.024262
-10.040437
11.245289
1.004044
-6.024262
6.827497
6.626688
-6.626688
-2.208896
9.036393
-0.200809
-4.016175
14.458228
5.221027
-10.642862
8.032350
1.807279
-5.421836
-1.004044
14.056611
-4.016175
-4.417792
10.442054
-0.200809
-7.028306
5.421836
4.417792
-5.221027
-0.602426
9.839628
-2.610513
-4.618601
8.433967
2.409705
-8.835584
3.614557
6.626688
-7.028306
-0.602426
10.843672
-2.610513
-7.630732
9.839628
-0.803235
-9.237202
3.413749
3.413749
-10.642862
-1.807279
8.634775
-2.208896
-8.032350
10.642862
-2.208896
-7.229114
3.815366
7.229114
-6.827497
2.208896
10.040437
-3.614557
-8.433967
4.618601
-1.606470
-9.438010
5.020218
6.626688
-5.823453
-2.008087
9.237202
-2.610513
-7.630732
11.044480
-1.204852
-9.036393
4.618601
6.827497
-5.020218
2.610513
11.646906
-1.405661
-4.016175
12.650950
2.008087
-6.626688
7.429923
5.020218
-6.827497
1.405661
10.040437
0.803235
-6.626688
9.839628
-0.803235
-7.229114
8.032350
7.630732
-3.413749
4.417792
13.253376
0.602426
-2.208896
12.249332
0.401617
-1.004044
11.847715
9.839628
0.803235
6.024262
12.249332
-1.004044
-0.602426
10.843672
3.012131
-0.602426
12.851759
8.634775
0.000000
8.835584
11.446097
1.807279
0.000000
11.245289
2.811322
0.000000
11.044480
6.024262
-3.012131
5.421836
6.626688
0.000000
-2.610513
9.839628
1.204852
-3.614557
12.048524
3.212940
-0.803235
3.815366
8.233158
0.803235
-3.614557
11.446097
-1.405661
-4.216983
10.442054
5.020218
-0.200809
6.827497
8.433967
-1.204852
-0.401617
6.626688
2.208896
-4.819409
9.839628
3.614557
-2.610513
4.618601
8.433967
1.204852
-0.200809
11.245289
0.401617
-2.811322
9.839628
4.016175
-1.807279
3.212940
6.425879
-2.409705
-1.004044
8.433967
1.807279
-4.819409
5.221027
2.409705
-4.417792
5.020218
10.241245
-3.413749
-1.004044
5.823453
-4.417792
-6.827497
6.225070
1.606470
-3.614557
7.429923
3.413749
-2.610513
-4.417792
5.622644
-1.807279
-6.827497
5.622644
-1.606470
-6.024262
-2.409705
1.606470
-8.433967
-6.626688
5.020218
-3.614557
-8.032350
3.012131
-0.401617
-6.626688
1.004044
4.016175
-3.614557
-2.811322
7.229114
0.000000
-9.438010
1.004044
-1.405661
-9.839628
3.212940
6.626688
-1.405661
-3.012131
7.831541
-3.815366
-7.229114
3.614557
0.401617
-7.429923
-0.803235
1.606470
-6.827497
-6.626688
6.425879
-2.208896
-9.036393
3.614557
-2.409705
-10.843672
0.000000
2.610513
-5.221027
-5.221027
6.024262
-4.016175
-8.634775
4.618601
-1.405661
-7.229114
-0.803235
4.618601
-4.618601
-5.020218
5.622644
-3.012131
-9.237202
2.811322
1.807279
-10.442054
4.417792
2.008087
-5.421836
-5.020218
4.618601
-4.216983
-5.421836
2.610513
-1.004044
-8.032350
0.602426
3.212940
-3.212940
-7.429923
5.020218
-7.630732
-7.028306
2.811322
1.204852
-7.831541
0.803235
1.807279
-5.823453
-6.024262
5.823453
-3.413749
-5.020218
6.626688
3.212940
-8.233158
2.610513
2.409705
-2.610513
-6.827497
7.028306
-5.421836
-8.433967
5.421836
-0.200809
-8.433967
2.409705
6.425879
-4.417792
0.401617
7.831541
1.004044
-4.016175
8.433967
1.204852
-4.618601
1.204852
4.819409
-4.417792
-6.024262
8.233158
-4.016175
-6.225070
5.622644
0.602426
-8.233158
0.000000
3.413749
-5.622644
-2.008087
9.839628
-1.606470
-3.413749
4.016175
1.004044
-5.020218
1.204852
5.421836
-2.409705
-7.229114
10.040437
-4.819409
-6.024262
3.212940
-1.004044
-10.241245
0.200809
2.409705
-3.614557
-4.016175
8.433967
-5.221027
-6.827497
2.208896
-0.803235
-7.429923
-1.807279
6.024262
-6.827497
-1.807279
4.819409
-2.610513
-9.839628
5.020218
-1.405661
-7.028306
0.401617
5.221027
-3.614557
-1.405661
7.429923
-1.807279
-8.233158
2.208896
-0.602426
-9.839628
1.606470
4.216983
-3.815366
-5.020218
6.024262
-5.421836
-8.233158
3.012131
-1.405661
-9.438010
0.000000
1.004044
-6.827497
-6.425879
3.815366
-4.618601
-8.835584
1.807279
-3.212940
-10.241245
-1.405661
2.610513
-7.429923
-6.827497
5.221027
-5.421836
-5.823453
6.626688
2.409705
-5.823453
0.000000
4.216983
-9.036393
-1.606470
4.618601
-1.405661
-8.032350
5.020218
1.606470
-7.630732
1.204852
4.216983
-7.429923
-3.614557
4.819409
-3.413749
-7.831541
4.618601
1.405661
-6.425879
1.004044
4.016175
-5.622644
-6.225070
7.028306
-4.618601
-5.622644
4.216983
2.409705
-6.225070
2.409705
4.417792
-4.016175
-6.225070
5.622644
-4.819409
-7.429923
5.020218
2.409705
-7.229114
-0.200809
3.413749
-5.020218
-2.409705
8.835584
-0.200809
-9.438010
8.032350
-3.012131
-5.020218
-2.208896
4.819409
-6.626688
-2.008087
6.827497
-0.401617
-7.630732
5.823453
0.200809
-8.433967
0.000000
1.204852
-6.425879
-4.216983
6.024262
0.602426
-8.835584
6.225070
-2.811322
-6.225070
-1.004044
6.827497
-6.024262
-5.020218
7.429923
-6.024262
-5.421836
4.618601
2.208896
-5.823453
3.212940
5.823453
-2.208896
-3.413749
8.032350
-4.216983
-6.626688
3.212940
-0.803235
-10.040437
-1.405661
2.610513
-6.425879
-6.626688
8.433967
-5.020218
-4.417792
8.032350
0.401617
-6.827497
3.413749
4.417792
-4.618601
-4.618601
3.212940
-1.807279
-8.233158
8.634775
0.602426
-8.032350
1.405661
3.413749
-2.811322
-3.815366
10.040437
-3.212940
-3.614557
6.425879
2.409705
-3.413749
1.004044
6.425879
-2.610513
-3.012131
8.634775
-4.016175
-5.823453
7.630732
1.606470
-3.212940
0.401617
4.216983
-5.020218
-2.610513
8.433967
0.803235
-5.020218
9.438010
1.807279
-5.020218
-0.200809
2.409705
-8.032350
-4.016175
6.225070
-0.401617
-4.819409
11.044480
3.212940
-5.020218
0.000000
3.614557
-6.024262
-1.606470
7.831541
-3.212940
-4.819409
5.221027
2.008087
-4.618601
3.212940
8.433967
-3.413749
-2.811322
6.225070
-3.413749
-5.823453
7.630732
1.204852
-6.425879
2.208896
4.016175
-4.819409
-0.602426
7.831541
0.200809
-5.823453
3.413749
-1.004044
-9.438010
3.413749
2.811322
-2.409705
-6.626688
7.028306
-2.811322
-6.225070
6.225070
0.401617
-7.028306
1.204852
6.827497
-5.221027
0.000000
8.835584
-2.008087
-3.614557
5.823453
-2.610513
-5.823453
-0.602426
4.016175
-4.216983
-2.409705
10.040437
-0.401617
-6.626688
4.216983
-4.618601
-8.032350
2.208896
8.233158
-0.602426
0.000000
9.237202
-0.200809
-7.429923
8.634775
1.405661
-5.622644
1.807279
5.221027
-7.028306
-1.606470
5.421836
0.200809
-7.630732
7.229114
-0.200809
-6.827497
1.807279
5.622644
-4.819409
-2.610513
5.823453
-4.417792
-6.827497
4.016175
-2.409705
-8.032350
0.200809
2.208896
-3.212940
-4.819409
10.241245
-1.405661
-4.216983
5.823453
-0.803235
-7.028306
1.405661
8.032350
-4.216983
-1.204852
7.831541
-1.807279
-5.221027
11.044480
4.216983
-1.606470
4.216983
4.819409
-4.618601
-5.421836
4.819409
-3.614557
-5.221027
8.634775
4.016175
-4.618601
3.212940
4.417792
-2.008087
-4.016175
6.827497
-3.012131
-7.229114
8.032350
0.000000
-5.823453
-0.803235
2.811322
-5.421836
-3.413749
8.233158
-3.012131
-4.216983
8.032350
2.208896
-1.606470
2.811322
5.823453
-3.212940
-2.008087
9.839628
-2.610513
-7.630732
4.618601
-3.815366
-9.036393
1.204852
1.807279
-6.024262
-2.208896
7.028306
-5.221027
-5.020218
3.212940
-0.602426
-6.626688
1.004044
3.413749
-6.827497
-1.807279
8.433967
1.606470
-2.208896
9.237202
2.208896
-3.212940
3.413749
7.229114
-5.221027
-2.208896
6.024262
-3.012131
-4.417792
7.229114
2.008087
-6.425879
1.405661
3.212940
-6.425879
-2.409705
4.819409
-4.016175
-7.429923
6.827497
0.000000
-5.622644
4.016175
5.020218
-4.417792
0.602426
9.036393
0.401617
-4.618601
6.024262
0.200809
-7.028306
4.417792
6.225070
-2.811322
-2.409705
6.827497
-3.614557
-7.229114
5.622644
-0.401617
-7.028306
3.212940
5.020218
-5.221027
-2.610513
5.823453
-2.811322
-5.622644
6.425879
2.008087
-6.425879
5.421836
2.208896
-5.421836
-3.815366
5.622644
-0.200809
-6.024262
6.425879
-0.200809
-6.225070
2.409705
7.831541
-3.012131
-3.614557
4.819409
-5.020218
-9.839628
6.024262
0.602426
-7.229114
3.815366
2.811322
-2.811322
-3.614557
7.028306
-1.405661
-7.831541
6.827497
0.602426
-4.618601
1.405661
7.028306
-5.020218
-1.204852
7.028306
-3.212940
-9.438010
3.413749
-3.012131
-9.237202
1.606470
1.405661
-5.823453
-3.413749
7.630732
-0.200809
-4.417792
8.233158
-2.208896
-4.819409
-1.204852
4.618601
-6.024262
-1.004044
6.425879
-1.204852
-2.208896
8.634775
5.221027
-3.413749
2.610513
3.614557
-4.016175
-2.409705
11.044480
-2.008087
-3.815366
8.032350
0.000000
-4.016175
5.020218
5.221027
-3.413749
-1.807279
8.032350
-0.803235
-4.618601
8.233158
1.807279
-5.823453
2.008087
3.212940
-5.823453
-7.229114
6.626688
-6.225070
-8.032350
6.626688
-0.602426
-6.425879
0.000000
6.626688
-5.221027
0.000000
8.835584
-1.004044
-4.819409
10.442054
1.807279
-1.606470
3.614557
4.216983
-5.421836
-3.614557
8.835584
-0.803235
-4.819409
6.626688
-0.602426
-6.024262
5.020218
6.425879
-1.204852
-1.004044
9.036393
-0.803235
-5.421836
9.839628
1.004044
-5.622644
2.409705
2.811322
-5.221027
-1.204852
7.831541
-1.606470
-5.823453
5.622644
-0.200809
-7.028306
3.212940
2.409705
-4.016175
-1.606470
7.229114
-2.208896
-6.024262
3.012131
1.204852
-7.831541
1.204852
4.417792
-4.618601
-1.405661
11.446097
-2.811322
-5.622644
7.229114
0.000000
-4.618601
4.618601
3.413749
-5.823453
-4.016175
4.819409
-3.012131
-7.229114
5.622644
-0.602426
-8.032350
3.012131
4.618601
-4.417792
-4.216983
3.413749
-7.028306
-9.036393
4.618601
1.004044
-4.016175
5.622644
6.024262
-3.413749
-2.409705
7.630732
0.000000
-4.016175
8.032350
-0.602426
-6.827497
1.606470
1.204852
-1.405661
-7.429923
7.429923
-8.032350
-10.040437
7.630732
-0.803235
-3.212940
2.008087
2.208896
-6.024262
-2.208896
6.626688
-5.020218
-6.024262
7.028306
1.606470
-3.413749
3.614557
3.614557
-5.421836
-4.417792
5.622644
-4.819409
-5.823453
8.634775
0.602426
-4.618601
3.012131
2.208896
-2.610513
-4.016175
7.429923
-3.815366
-7.229114
4.417792
-2.610513
-7.831541
-2.610513
4.417792
-8.634775
-5.020218
5.221027
-4.216983
-4.819409
6.626688
-0.401617
-9.036393
-0.200809
3.614557
-5.221027
-1.004044
9.638819
-2.409705
-4.216983
8.634775
0.200809
-5.421836
1.204852
4.618601
-6.425879
0.401617
8.233158
-1.807279
-4.016175
9.438010
1.004044
-4.216983
5.421836
4.016175
-3.212940
-2.008087
6.827497
-2.610513
-7.229114
5.823453
-1.405661
-7.429923
2.811322
5.421836
-6.827497
0.803235
6.425879
-1.606470
-7.229114
4.417792
-1.004044
-6.626688
3.614557
6.225070
-3.012131
-1.606470
8.433967
-4.216983
-7.229114
6.626688
-2.610513
-6.827497
1.204852
1.204852
-3.413749
-3.413749
7.028306
-2.409705
-7.229114
6.626688
0.200809
-6.024262
5.421836
5.622644
-1.807279
-2.811322
7.831541
-4.417792
-6.225070
5.622644
2.610513
-5.221027
4.417792
2.409705
-7.028306
-5.823453
6.827497
-1.004044
-7.429923
6.225070
-1.606470
-9.839628
2.008087
1.807279
-6.626688
-5.823453
6.225070
-4.216983
-7.229114
6.827497
-2.208896
-9.237202
0.000000
3.012131
-7.229114
-6.225070
4.618601
-6.425879
-4.417792
9.237202
3.212940
-5.421836
5.622644
6.425879
-3.815366
-0.602426
5.221027
-3.413749
-6.024262
7.429923
0.803235
-7.630732
2.811322
2.811322
-7.831541
-4.216983
6.024262
-4.618601
-4.216983
5.622644
0.602426
-9.237202
2.811322
2.008087
-6.024262
-5.221027
5.823453
-4.016175
-7.229114
4.016175
-1.807279
-9.237202
2.811322
5.622644
-5.221027
0.803235
8.032350
-0.401617
-3.815366
8.835584
-2.610513
-7.028306
-1.405661
0.803235
-6.626688
-3.212940
7.429923
-3.212940
-5.020218
8.233158
-1.004044
-5.823453
2.008087
2.208896
-5.421836
-3.212940
8.634775
-2.008087
-3.012131
8.634775
-0.602426
-6.225070
2.811322
3.614557
-4.216983
-1.204852
7.028306
-3.815366
-5.622644
2.008087
3.212940
-8.835584
5.622644
3.413749
-6.225070
-1.004044
8.233158
0.000000
-5.221027
5.622644
-0.401617
-8.835584
4.417792
4.016175
-2.409705
1.204852
9.638819
-1.606470
-5.421836
7.028306
-0.200809
-2.811322
4.216983
5.221027
-4.216983
-0.803235
7.429923
-0.602426
-7.229114
7.028306
-1.807279
-6.024262
2.208896
5.823453
-3.212940
-1.004044
9.839628
-2.208896
-6.024262
7.831541
0.803235
-5.823453
5.622644
4.618601
-3.212940
-2.008087
7.028306
-2.610513
-4.618601
5.221027
3.212940
-4.216983
8.233158
8.835584
-1.807279
-0.803235
8.634775
-3.212940
-2.811322
8.433967
1.405661
-3.614557
6.425879
3.614557
-3.212940
-2.008087
9.036393
-1.004044
-3.614557
8.032350
-1.004044
-4.819409
3.815366
4.819409
-2.409705
-1.004044
10.442054
-2.008087
-4.417792
9.638819
3.815366
0.000000
8.032350
6.626688
-3.012131
-3.212940
6.024262
-1.807279
-6.225070
8.835584
3.212940
-5.823453
5.020218
3.012131
-2.409705
-2.409705
12.048524
-1.405661
-2.008087
6.827497
2.409705
-6.626688
3.413749
3.413749
-4.618601
-4.216983
7.429923
-2.811322
-7.028306
3.012131
-1.606470
-10.040437
0.401617
3.614557
-5.622644
-0.602426
11.044480
2.610513
2.409705
11.446097
4.016175
-3.815366
2.208896
5.421836
-4.819409
0.602426
8.634775
0.200809
-3.614557
7.831541
3.614557
-7.028306
3.815366
4.618601
-4.417792
-2.008087
11.646906
-2.811322
-4.016175
7.630732
0.000000
-5.020218
4.417792
6.626688
-6.626688
0.000000
8.233158
-3.012131
-3.815366
4.819409
-1.204852
-8.032350
4.016175
4.819409
-5.421836
-2.208896
6.626688
-4.417792
-6.827497
7.229114
-1.807279
-7.229114
3.012131
5.421836
-3.815366
3.012131
9.638819
0.200809
-5.221027
7.028306
-0.401617
-6.225070
6.827497
6.024262
-3.012131
1.004044
6.024262
0.000000
-4.618601
10.040437
2.208896
-2.811322
3.012131
5.823453
-7.831541
-1.004044
5.221027
-3.212940
-6.425879
6.827497
0.000000
-6.225070
4.417792
2.008087
-3.614557
-3.413749
8.835584
-4.016175
-4.819409
5.622644
-3.413749
-7.831541
0.602426
2.811322
-9.237202
-5.020218
6.626688
-5.622644
-4.016175
7.229114
-4.216983
-6.425879
2.811322
3.614557
-3.815366
0.200809
8.032350
-3.012131
-2.208896
8.433967
-2.008087
-2.610513
6.425879
2.610513
0.000000
-1.606470
3.614557
-2.409705
-6.225070
9.036393
-3.212940
-4.216983
3.212940
2.208896
-2.208896
0.602426
8.233158
-1.606470
-3.413749
10.442054
-1.004044
-2.610513
5.020218
2.811322
-3.614557
1.405661
5.622644
-4.216983
-6.626688
6.024262
-1.004044
-6.425879
7.028306
0.602426
-4.016175
2.208896
5.622644
-2.610513
-5.221027
6.827497
-1.204852
-5.622644
6.827497
2.409705
-1.807279
2.208896
8.835584
-2.811322
-1.807279
10.241245
3.212940
-0.602426
8.233158
1.807279
-4.216983
1.606470
5.823453
-0.602426
-4.417792
7.229114
-0.803235
-7.831541
2.811322
-2.610513
-7.831541
-10.442054
1.606470
-11.446097
-15.060655
-1.405661
-8.835584
-17.068743
-7.630732
-3.212940
-16.667124
-11.646906
0.000000
-8.835584
-15.863890
3.012131
-5.221027
-11.044480
-2.610513
0.602426
-13.052567
-11.847715
3.413749
-11.044480
-13.454185
1.405661
-5.421836
-12.450141
-3.012131
-1.204852
-13.253376
-10.241245
2.409705
-7.028306
-12.851759
5.823453
-4.819409
-10.241245
-3.815366
1.807279
-10.241245
-8.433967
4.016175
-6.425879
-10.843672
7.028306
-0.602426
-8.433967
-1.405661
4.216983
-10.040437
-6.827497
4.618601
-4.819409
-10.843672
7.630732
-0.803235
-10.442054
-3.413749
2.409705
-9.438010
-9.237202
7.630732
-5.221027
-10.040437
6.024262
-1.405661
-12.650950
-1.405661
2.008087
-7.831541
-6.827497
5.421836
-4.417792
-14.056611
3.815366
-3.212940
-11.646906
-2.409705
2.811322
-11.847715
-7.229114
5.622644
-1.606470
-8.433967
5.622644
1.606470
-10.040437
0.803235
7.630732
-7.229114
-5.421836
7.630732
-2.008087
-9.237202
7.429923
3.012131
-7.429923
2.409705
8.634775
-8.835584
-5.823453
7.229114
-1.807279
-9.638819
8.433967
3.012131
-7.429923
3.413749
6.425879
-6.225070
-4.417792
12.650950
1.807279
-7.630732
6.827497
0.000000
-9.638819
3.815366
10.642862
-3.815366
-0.803235
12.650950
2.811322
-4.016175
11.847715
2.610513
-8.032350
1.004044
5.823453
-8.433967
-5.221027
10.241245
0.000000
-5.020218
10.442054
2.811322
-8.233158
1.807279
5.823453
-6.425879
-4.618601
6.827497
-0.803235
-9.438010
7.028306
5.622644
-11.446097
3.413749
4.216983
-5.421836
-3.614557
9.638819
1.405661
-9.839628
8.634775
2.409705
-7.831541
1.004044
10.040437
-5.622644
-5.221027
9.036393
-3.815366
-9.839628
11.044480
5.421836
-4.819409
4.819409
7.229114
-4.819409
-4.618601
11.044480
-0.602426
-5.823453
10.442054
6.626688
-6.225070
3.413749
7.028306
-3.614557
-4.819409
12.249332
-2.811322
-9.438010
7.028306
2.610513
-5.823453
3.815366
10.241245
-4.216983
-4.417792
9.036393
-0.803235
-6.827497
9.438010
4.417792
-8.433967
1.004044
8.433967
-2.811322
-1.606470
12.650950
0.401617
-7.028306
9.839628
4.417792
-5.421836
3.815366
8.233158
-4.819409
-4.417792
9.839628
-1.004044
-8.634775
10.843672
3.012131
-5.221027
3.012131
9.036393
-4.618601
-0.803235
9.638819
2.208896
-10.040437
12.048524
2.409705
-4.618601
4.819409
10.642862
-2.409705
-0.200809
9.638819
2.008087
-6.626688
11.847715
6.626688
-7.028306
5.221027
7.429923
-4.819409
-4.216983
10.442054
-0.401617
-5.622644
10.642862
3.212940
-7.028306
1.004044
9.638819
-5.221027
-1.204852
7.630732
-2.008087
-8.835584
8.634775
5.823453
-6.225070
3.212940
8.433967
-8.233158
-3.413749
10.241245
1.204852
-5.421836
12.650950
3.012131
-8.433967
3.012131
7.831541
-4.417792
-1.405661
11.245289
-1.204852
-6.425879
7.028306
3.614557
-7.630732
2.008087
9.036393
-4.618601
-2.811322
11.044480
-0.401617
-8.233158
12.450141
0.401617
-7.429923
-0.602426
7.229114
-7.630732
-0.602426
11.646906
-0.200809
-5.421836
7.630732
5.221027
-6.225070
3.614557
9.036393
-5.622644
-6.827497
10.843672
-1.807279
-7.229114
9.638819
5.221027
-8.233158
4.216983
6.425879
-7.429923
-4.417792
7.630732
-0.401617
-5.622644
7.229114
4.618601
-8.835584
4.216983
8.032350
-3.614557
-2.610513
11.044480
-0.401617
-5.421836
10.442054
3.614557
-8.032350
0.803235
6.225070
-8.634775
-4.016175
7.028306
-2.008087
-9.839628
10.442054
2.208896
-5.823453
3.212940
8.233158
-5.421836
-4.216983
6.024262
-3.413749
-10.442054
9.237202
4.016175
-6.225070
3.413749
8.032350
-4.216983
-3.614557
10.843672
-2.008087
-7.630732
6.425879
2.208896
-10.843672
3.815366
5.622644
-5.020218
-3.212940
11.446097
0.000000
-4.819409
9.438010
2.208896
-7.028306
2.409705
8.835584
-7.229114
-4.819409
7.229114
-3.815366
-7.429923
10.040437
4.216983
-6.425879
3.413749
9.237202
-5.020218
1.004044
9.237202
1.004044
-7.028306
8.433967
5.622644
-5.421836
6.626688
11.847715
-1.204852
0.200809
12.249332
-1.405661
-9.438010
7.028306
0.803235
-9.237202
1.204852
8.634775
-6.626688
-0.602426
11.245289
0.000000
-8.634775
6.827497
2.208896
-8.835584
2.409705
9.438010
-6.225070
-5.421836
9.438010
-1.204852
-8.233158
10.442054
2.610513
-5.221027
4.016175
10.442054
-7.229114
-5.622644
8.634775
-2.409705
-4.618601
11.646906
4.618601
-7.028306
2.811322
4.216983
-5.020218
-7.229114
10.642862
-3.012131
-10.442054
8.634775
3.012131
-10.040437
3.012131
6.425879
-7.028306
-4.216983
9.438010
-2.208896
-5.622644
11.446097
4.819409
-8.835584
2.008087
6.626688
-4.417792
-1.807279
11.446097
-1.807279
-8.634775
8.032350
1.405661
-7.630732
5.020218
8.032350
-5.622644
-4.016175
6.827497
-4.016175
-9.036393
6.626688
2.610513
-10.040437
2.409705
6.827497
-5.421836
-2.610513
9.638819
-2.208896
-7.630732
7.831541
3.212940
-8.634775
1.606470
6.024262
-5.020218
-5.823453
9.638819
-1.807279
-10.642862
7.831541
1.807279
-7.831541
2.409705
10.442054
-4.819409
-4.016175
10.241245
-2.610513
-7.831541
8.233158
2.208896
-9.036393
1.405661
9.036393
-7.229114
-5.622644
8.835584
-1.606470
-8.433967
11.245289
3.815366
-8.634775
6.425879
7.229114
-4.417792
-3.413749
7.630732
-4.016175
-11.446097
8.233158
3.012131
-7.831541
4.016175
5.622644
-7.630732
-2.409705
10.442054
-1.204852
-5.622644
6.425879
2.208896
-8.433967
4.016175
6.425879
-5.823453
