-9.237202
11.245289
0.000000
0.000000
0.000000
0.000000
0.000000
0.000000
0.000000
0.000000
0.000000
0.000000
0.000000
0.000000
0.000000
0.000000
0.000000
0.000000
0.000000
0.000000
0.000000
0.000000
0.000000
0.000000
0.000000
0.000000
0.000000
0.000000
0.000000
0.000000
0.000000
0.000000
0.000000
0.000000
0.000000
0.000000
0.000000
0.000000
0.000000
0.000000
0.000000
0.000000
0.000000
0.000000
0.000000
0.000000
0.000000
0.000000
0.000000
0.000000
0.000000
0.000000
0.000000
0.000000
0.000000
0.000000
0.000000
0.000000
0.000000
0.000000
0.000000
0.000000
0.000000
0.000000
0.000000
0.000000
0.000000
0.000000
0.000000
0.000000
0.000000
0.000000
0.000000
0.000000
0.000000
0.000000
0.000000
0.000000
0.000000
0.000000
0.000000
0.000000
0.000000
0.000000
0.000000
0.000000
0.000000
0.000000
0.000000
0.000000
0.000000
0.000000
0.000000
0.000000
0.000000
0.000000
0.000000
0.000000
0.000000
0.000000
0.000000
0.000000
0.000000
0.000000
0.000000
0.000000
0.000000
0.000000
0.000000
0.000000
0.000000
0.000000
0.000000
0.000000
0.000000
0.000000
0.000000
0.000000
0.000000
0.000000
0.000000
0.000000
0.000000
0.000000
0.000000
0.000000
0.000000
0.000000
0.000000
0.000000
0.000000
0.000000
0.000000
0.000000
0.000000
0.000000
0.000000
0.000000
0.000000
0.000000
0.000000
0.000000
0.000000
0.000000
0.000000
0.000000
0.000000
0.000000
0.000000
0.000000
0.000000
0.000000
0.000000
0.000000
0.000000
0.000000
0.000000
0.000000
0.000000
0.000000
0.000000
0.000000
0.000000
0.000000
0.000000
0.000000
0.000000
0.000000
0.000000
0.000000
0.000000
0.000000
0.000000
0.000000
0.000000
0.000000
0.000000
0.000000
0.000000
0.000000
0.000000
0.000000
0.000000
0.000000
0.000000
0.000000
0.000000
0.000000
0.000000
0.000000
0.000000
0.000000
0.000000
0.000000
0.000000
0.000000
0.000000
0.000000
0.000000
0.000000
0.000000
0.000000
1.405661
-10.642862
9.638819
4.016175
-12.450141
0.401617
8.233158
-7.028306
-10.241245
11.646906
-0.803235
-12.249332
8.233158
5.020218
-10.442054
-0.803235
13.454185
-7.831541
-7.831541
12.851759
-1.004044
-10.241245
11.245289
4.417792
-9.438010
-3.614557
12.048524
-8.634775
-5.221027
15.060655
2.208896
-11.044480
9.839628
2.811322
-12.650950
-3.413749
10.241245
-8.634775
-8.433967
11.847715
-5.020218
-15.863890
5.421836
4.618601
-11.044480
4.216983
11.044480
-6.827497
-11.847715
9.638819
-4.819409
-13.454185
8.433967
4.417792
-14.859846
-0.401617
8.634775
-8.634775
-9.237202
12.650950
-2.208896
-11.245289
8.233158
4.819409
-13.654994
3.413749
13.052567
-3.212940
-5.421836
12.851759
-4.819409
-16.265507
8.835584
3.614557
-9.638819
2.811322
9.438010
-10.843672
-8.032350
8.835584
-2.208896
-11.245289
7.831541
4.618601
-12.048524
0.401617
10.241245
-6.626688
-7.630732
11.646906
-2.409705
-15.462273
8.634775
5.020218
-12.249332
2.610513
9.839628
-7.229114
-8.032350
11.446097
-4.417792
-13.253376
9.438010
8.433967
-8.634775
1.204852
12.450141
-6.626688
-6.827497
14.458228
-1.606470
-11.847715
10.241245
4.417792
-11.446097
-2.008087
8.032350
-8.634775
-8.835584
11.446097
0.401617
-12.851759
13.454185
5.622644
-9.237202
-0.401617
8.233158
-9.237202
-10.442054
12.249332
-2.208896
-12.249332
8.433967
5.622644
-12.851759
0.000000
10.642862
-6.425879
-7.229114
15.663081
-1.405661
-10.642862
10.843672
7.831541
-10.241245
1.405661
9.237202
-8.233158
-8.032350
13.654994
-1.405661
-12.249332
10.040437
6.626688
-9.638819
3.815366
10.241245
-6.024262
-8.233158
13.855803
-4.216983
-14.458228
7.028306
3.212940
-10.241245
-0.200809
9.036393
-9.839628
-10.442054
12.450141
-2.208896
-13.855803
9.438010
3.012131
-12.851759
-1.606470
9.839628
-6.827497
-7.429923
16.867933
-0.401617
-13.855803
8.634775
1.606470
-13.052567
0.000000
8.835584
-9.237202
-10.040437
14.257420
-1.807279
-8.032350
10.843672
8.032350
-11.646906
3.212940
9.237202
-7.229114
-7.429923
15.863890
1.405661
-9.839628
10.843672
3.413749
-13.855803
0.200809
8.233158
-5.823453
-8.835584
13.052567
-2.811322
-16.064699
5.823453
1.405661
-13.454185
2.811322
10.241245
-6.225070
-11.245289
11.245289
-4.819409
-10.241245
9.839628
7.028306
-10.040437
2.409705
11.646906
-6.225070
-9.036393
13.454185
-1.606470
-11.245289
11.646906
6.024262
-10.442054
5.221027
12.650950
-4.819409
-6.024262
12.851759
-1.204852
-9.438010
13.855803
9.438010
-6.626688
4.016175
11.847715
-6.626688
-10.442054
12.851759
-0.803235
-12.851759
13.855803
5.020218
-9.839628
-1.204852
10.843672
-9.036393
-5.823453
14.257420
0.000000
-12.851759
10.241245
4.417792
-12.048524
2.811322
10.442054
-6.425879
-6.827497
12.851759
-2.208896
-13.253376
11.646906
2.610513
-10.843672
0.200809
9.839628
-8.433967
-7.831541
14.458228
-1.204852
-10.843672
13.454185
5.020218
-9.237202
-0.200809
11.847715
-11.847715
-4.417792
14.257420
0.401617
-8.233158
12.650950
6.827497
-8.233158
1.004044
12.249332
-8.835584
-7.229114
13.855803
-1.807279
-12.249332
11.446097
5.020218
-12.048524
0.803235
10.642862
-10.241245
-5.421836
13.654994
-0.803235
-12.851759
11.245289
2.208896
-12.450141
2.409705
9.237202
-7.831541
-7.429923
13.855803
-3.413749
-11.847715
7.028306
4.216983
-13.052567
3.815366
14.056611
-5.421836
-4.216983
13.454185
-4.216983
-14.659038
4.819409
3.614557
-16.466316
3.815366
9.237202
-10.040437
-8.634775
10.642862
-4.216983
-11.646906
7.630732
3.212940
-14.458228
-0.200809
8.634775
-10.843672
-8.835584
14.056611
-2.208896
-9.237202
11.847715
7.028306
-8.233158
5.823453
13.253376
-4.417792
-8.634775
11.646906
-6.827497
-12.650950
10.241245
6.626688
-8.233158
3.413749
12.249332
-5.221027
-6.827497
13.654994
-3.413749
-12.851759
8.433967
2.208896
-13.052567
3.012131
9.638819
-8.032350
-8.032350
11.245289
-4.016175
-12.048524
10.040437
4.618601
-11.245289
4.016175
10.642862
-8.433967
-5.421836
12.851759
-3.012131
-12.650950
10.642862
3.815366
-11.245289
4.216983
10.241245
-8.634775
-7.229114
10.642862
-3.614557
-12.650950
9.438010
6.626688
-11.646906
1.606470
8.634775
-10.642862
-10.442054
15.261463
-2.811322
-7.429923
12.450141
6.024262
-11.446097
-1.807279
7.229114
-11.245289
-9.036393
15.261463
-2.610513
-9.237202
13.454185
5.221027
-11.446097
2.008087
9.638819
-4.618601
-3.413749
18.675213
1.606470
-14.056611
12.450141
0.401617
-11.044480
4.216983
15.261463
-7.229114
-4.016175
15.060655
-3.614557
-9.438010
12.249332
3.614557
-9.237202
3.815366
10.642862
-7.630732
-3.614557
14.056611
-0.803235
-10.241245
9.839628
4.618601
-11.044480
3.212940
11.245289
-6.827497
-7.028306
14.257420
-4.216983
-12.851759
9.237202
1.606470
-14.257420
1.807279
10.040437
-7.630732
-6.225070
15.462273
-4.417792
-9.237202
9.638819
5.622644
-10.843672
4.216983
10.442054
-10.442054
-8.233158
9.237202
-4.819409
-12.048524
10.642862
4.819409
-10.843672
1.807279
9.839628
-7.630732
-6.626688
14.859846
-4.618601
-12.249332
9.438010
4.618601
-9.036393
6.225070
13.454185
-5.823453
-3.012131
15.663081
-1.204852
-9.638819
13.052567
3.815366
-10.241245
4.819409
11.446097
-3.413749
-6.425879
13.454185
-4.216983
-9.036393
13.052567
6.827497
-7.429923
9.036393
13.654994
-1.606470
-2.208896
14.859846
-2.811322
-2.811322
15.060655
9.036393
-2.811322
9.839628
13.052567
-2.610513
1.204852
14.257420
2.208896
-0.401617
15.663081
8.433967
-3.614557
11.044480
11.245289
-0.200809
-0.401617
12.851759
0.803235
-2.409705
14.257420
5.823453
-6.225070
7.229114
6.626688
-2.811322
-1.606470
12.249332
0.200809
-5.421836
14.257420
2.409705
-3.815366
7.028306
9.237202
-0.602426
-1.807279
14.859846
-1.606470
-4.016175
13.052567
5.221027
-3.413749
9.438010
9.237202
-3.815366
0.401617
8.433967
0.803235
-6.626688
12.851759
2.811322
-5.622644
6.626688
8.433967
-0.200809
2.008087
13.654994
1.004044
-4.417792
12.851759
4.216983
-4.417792
5.421836
7.028306
-4.819409
-1.004044
10.241245
-0.401617
-5.020218
10.040437
3.614557
-5.421836
7.429923
9.638819
-5.221027
-1.004044
7.831541
-5.421836
-7.630732
8.835584
1.606470
-6.827497
7.630732
3.413749
-6.024262
-3.815366
7.630732
-2.610513
-8.433967
9.036393
-1.606470
-8.032350
1.204852
2.409705
-9.438010
-4.819409
6.827497
-3.815366
-8.835584
5.421836
-1.204852
-8.835584
4.016175
4.819409
-4.618601
-1.004044
9.438010
-0.401617
-11.044480
4.618601
-2.409705
-10.642862
5.421836
7.229114
-4.016175
-3.614557
9.237202
-5.622644
-8.433967
7.429923
0.401617
-9.237202
0.602426
2.008087
-10.040437
-5.421836
8.032350
-3.413749
-10.442054
7.429923
-3.212940
-12.048524
3.212940
3.012131
-6.626688
-4.819409
7.630732
-5.020218
-10.642862
7.229114
-2.811322
-10.040437
2.610513
4.618601
-5.622644
-3.012131
7.429923
-3.815366
-11.646906
6.024262
0.602426
-12.249332
5.421836
1.807279
-8.835584
-6.626688
5.823453
-7.429923
-8.233158
6.024262
-1.807279
-9.839628
1.606470
4.016175
-7.429923
-6.425879
6.827497
-9.438010
-8.233158
5.823453
0.200809
-10.642862
1.204852
1.405661
-9.237202
-5.622644
7.630732
-4.819409
-6.626688
8.634775
2.811322
-11.245289
5.020218
2.811322
-4.618601
-5.622644
9.036393
-6.024262
-10.040437
8.433967
-1.004044
-11.245289
3.815366
6.024262
-7.429923
1.204852
9.036393
-0.401617
-6.024262
11.044480
0.200809
-8.233158
1.807279
4.417792
-8.233158
-6.024262
10.442054
-5.823453
-8.233158
7.429923
-0.602426
-12.249332
1.204852
3.815366
-9.438010
-3.212940
11.245289
-4.417792
-5.020218
7.229114
0.803235
-8.233158
3.815366
5.823453
-5.020218
-4.417792
12.249332
-4.819409
-7.229114
5.622644
-1.807279
-13.454185
3.012131
2.811322
-5.221027
-2.008087
11.044480
-5.221027
-8.634775
4.216983
-2.208896
-11.044480
2.409705
6.225070
-7.229114
-2.610513
6.626688
-5.221027
-10.642862
8.433967
-1.204852
-9.438010
1.606470
5.622644
-7.229114
-0.401617
9.638819
-2.610513
-8.835584
5.622644
-0.803235
-12.650950
3.212940
3.212940
-7.028306
-4.819409
7.630732
-6.827497
-10.642862
4.417792
-2.008087
-13.052567
3.614557
2.008087
-8.233158
-4.618601
6.024262
-4.618601
-9.839628
5.421836
-3.012131
-13.253376
1.606470
2.409705
-9.237202
-5.823453
6.827497
-6.425879
-6.626688
9.839628
2.610513
-9.036393
3.212940
4.417792
-10.442054
0.000000
6.425879
-2.208896
-10.040437
7.429923
0.401617
-11.646906
4.216983
4.016175
-9.036393
-3.413749
7.429923
-5.221027
-9.237202
7.028306
0.000000
-9.638819
3.815366
5.020218
-7.831541
-5.020218
9.237202
-6.425879
-5.823453
8.233158
2.409705
-8.032350
5.221027
4.216983
-5.823453
-6.024262
7.831541
-6.425879
-9.237202
8.835584
1.807279
-9.638819
4.216983
4.417792
-6.425879
-1.004044
9.638819
-1.606470
-12.249332
9.839628
-4.417792
-8.433967
0.200809
5.421836
-8.835584
-2.610513
7.831541
-2.610513
-10.040437
9.036393
-0.602426
-11.044480
1.004044
1.606470
-10.241245
-1.807279
8.634775
0.602426
-9.638819
8.032350
-3.212940
-10.442054
2.208896
7.630732
-7.831541
-3.413749
9.036393
-7.028306
-8.835584
5.421836
0.401617
-10.040437
6.225070
6.225070
-4.016175
-2.610513
10.040437
-5.221027
-7.831541
7.831541
-0.803235
-11.646906
1.606470
3.012131
-8.634775
-3.614557
10.241245
-4.618601
-6.425879
9.638819
-0.602426
-10.442054
5.421836
4.819409
-6.626688
-4.819409
5.622644
-3.212940
-12.048524
9.839628
-1.405661
-11.847715
5.421836
4.819409
-4.819409
-2.008087
10.843672
-3.614557
-6.425879
8.032350
1.004044
-7.229114
4.016175
7.028306
-4.819409
-2.811322
9.839628
-6.024262
-6.024262
11.044480
2.208896
-5.020218
4.216983
5.020218
-6.225070
-1.807279
11.044480
-0.803235
-6.425879
11.044480
0.803235
-10.040437
3.413749
3.212940
-10.040437
-3.413749
7.229114
-2.610513
-7.630732
12.450141
2.208896
-9.839628
3.413749
4.016175
-7.630732
0.000000
9.839628
-4.417792
-5.421836
9.036393
2.409705
-6.425879
5.823453
8.835584
-5.221027
-0.401617
9.036393
-4.016175
-6.626688
11.646906
0.602426
-7.429923
2.409705
3.815366
-8.433967
-0.602426
9.839628
-1.606470
-7.229114
8.032350
-0.602426
-10.642862
3.614557
3.012131
-7.028306
-4.819409
9.237202
-3.212940
-8.835584
8.634775
-1.204852
-10.241245
3.614557
7.028306
-7.429923
-0.803235
10.241245
-4.618601
-7.630732
7.229114
-3.614557
-9.839628
2.208896
4.819409
-6.425879
-2.409705
12.048524
-1.807279
-9.638819
6.626688
-5.421836
-12.249332
4.417792
8.835584
-3.614557
1.807279
12.249332
-0.602426
-9.438010
10.642862
0.000000
-9.237202
5.221027
5.823453
-8.233158
0.200809
8.233158
0.000000
-9.438010
9.638819
-1.004044
-10.642862
3.815366
5.421836
-8.032350
-4.417792
6.827497
-7.630732
-9.237202
6.425879
-2.610513
-11.446097
1.405661
3.012131
-6.827497
-2.208896
11.847715
-1.405661
-7.429923
8.835584
-1.405661
-9.839628
3.012131
9.237202
-8.032350
-0.602426
10.040437
-4.216983
-8.032350
12.851759
3.413749
-5.622644
7.028306
5.622644
-7.229114
-4.618601
6.827497
-5.221027
-5.622644
13.454185
4.618601
-6.024262
6.425879
5.622644
-4.417792
-0.401617
9.237202
-2.409705
-7.429923
11.446097
-0.401617
-8.233158
2.008087
3.413749
-7.630732
-1.204852
10.843672
-3.413749
-5.622644
10.040437
1.405661
-5.622644
3.012131
5.823453
-8.233158
-3.012131
11.847715
-5.421836
-8.634775
8.433967
-3.614557
-11.245289
3.815366
2.208896
-8.634775
-1.405661
9.237202
-5.823453
-5.622644
6.827497
0.000000
-9.237202
2.208896
3.413749
-9.638819
-1.807279
10.843672
0.200809
-4.618601
11.245289
1.204852
-6.225070
8.032350
9.036393
-5.823453
-1.004044
7.229114
-4.618601
-6.626688
10.843672
1.405661
-8.634775
2.409705
3.815366
-10.442054
0.000000
7.630732
-3.815366
-9.036393
9.036393
-0.602426
-9.839628
6.626688
5.421836
-6.827497
0.803235
11.245289
-1.606470
-6.626688
9.638819
-0.401617
-9.638819
7.229114
7.229114
-6.024262
-1.807279
8.233158
-5.823453
-8.032350
9.438010
-0.803235
-8.233158
5.622644
5.421836
-7.831541
-2.208896
8.032350
-4.016175
-6.827497
10.040437
1.204852
-8.835584
8.835584
3.413749
-7.630732
-3.413749
7.630732
-2.008087
-7.028306
10.040437
-0.602426
-8.835584
6.024262
8.433967
-5.020218
-2.610513
7.831541
-6.425879
-10.442054
10.040437
-0.200809
-9.839628
5.421836
2.610513
-5.823453
-3.614557
9.438010
-3.815366
-8.032350
10.843672
1.004044
-6.827497
3.413749
6.827497
-8.233158
0.000000
8.433967
-4.016175
-11.446097
6.425879
-3.815366
-12.450141
5.823453
2.008087
-6.827497
-2.008087
9.237202
-0.602426
-5.823453
11.245289
-2.208896
-8.233158
3.212940
5.421836
-6.626688
1.004044
8.233158
-2.208896
-3.815366
10.442054
4.618601
-7.630732
5.421836
3.413749
-6.024262
-2.610513
12.249332
-4.216983
-5.421836
10.642862
0.000000
-8.032350
5.823453
4.618601
-7.028306
-0.803235
11.044480
-2.409705
-6.626688
11.446097
0.401617
-8.032350
5.421836
4.618601
-8.032350
-5.221027
9.036393
-7.028306
-8.233158
9.237202
-0.401617
-9.237202
4.216983
7.028306
-6.225070
-1.405661
10.040437
-4.618601
-5.421836
13.454185
2.409705
-5.221027
6.024262
4.618601
-8.433967
-2.409705
10.040437
-2.409705
-5.421836
9.839628
-0.200809
-8.634775
6.425879
7.028306
-5.421836
1.004044
10.241245
-1.204852
-7.229114
11.847715
0.602426
-10.442054
4.016175
3.012131
-9.237202
-2.610513
9.438010
-5.421836
-7.028306
9.036393
-0.602426
-9.839628
5.421836
3.212940
-6.225070
-1.004044
9.438010
-4.016175
-7.429923
7.229114
0.803235
-9.839628
5.221027
4.618601
-6.225070
-1.606470
12.450141
-5.020218
-6.827497
10.442054
0.401617
-8.032350
7.028306
4.016175
-8.433967
-2.610513
6.626688
-4.417792
-8.032350
9.839628
-0.803235
-8.634775
5.221027
5.221027
-7.831541
-4.216983
4.417792
-9.036393
-9.839628
9.036393
1.606470
-5.622644
9.036393
6.225070
-5.221027
-2.811322
9.237202
-2.409705
-5.622644
11.646906
-1.004044
-9.036393
4.618601
2.208896
-4.216983
-6.024262
10.040437
-9.237202
-9.036393
10.442054
-0.200809
-6.425879
4.016175
1.807279
-8.634775
-3.413749
8.835584
-8.433967
-7.429923
9.638819
0.602426
-6.024262
4.819409
4.016175
-9.036393
-1.807279
8.233158
-5.020218
-6.827497
10.442054
0.401617
-8.634775
5.823453
2.811322
-5.421836
-2.409705
9.237202
-5.221027
-9.237202
8.634775
-3.413749
-9.036393
1.405661
4.819409
-10.642862
0.000000
7.429923
-2.610513
-5.622644
10.241245
-1.004044
-10.442054
3.212940
4.016175
-7.429923
-1.204852
10.442054
-4.618601
-5.020218
11.646906
0.803235
-8.233158
3.413749
4.819409
-8.835584
1.204852
9.638819
-3.815366
-6.024262
12.048524
0.401617
-6.626688
7.028306
4.417792
-6.425879
-1.004044
8.233158
-4.016175
-8.835584
8.835584
-1.807279
-10.241245
6.425879
6.225070
-9.036393
1.807279
7.831541
-3.815366
-6.225070
9.036393
-0.200809
-7.831541
5.622644
6.024262
-5.622644
0.602426
9.839628
-4.618601
-8.634775
9.638819
-3.012131
-8.835584
4.016175
2.008087
-6.225070
-3.413749
8.433967
-5.221027
-8.433967
10.442054
0.000000
-7.028306
7.429923
6.425879
-5.421836
-1.606470
9.237202
-6.225070
-6.626688
8.233158
2.208896
-8.233158
7.429923
2.610513
-9.638819
-3.012131
8.233158
-1.807279
-8.233158
9.237202
-3.012131
-11.646906
3.614557
2.208896
-10.241245
-4.819409
7.229114
-6.024262
-8.032350
10.040437
-2.610513
-11.646906
3.212940
3.212940
-9.438010
-4.819409
6.225070
-7.229114
-6.024262
12.048524
2.208896
-8.835584
8.233158
5.823453
-5.622644
-0.803235
6.626688
-6.225070
-8.032350
10.241245
0.602426
-10.642862
4.819409
2.208896
-10.642862
-2.409705
7.630732
-5.020218
-5.421836
9.438010
0.401617
-11.044480
6.024262
1.606470
-8.233158
-5.221027
7.630732
-5.823453
-7.429923
7.831541
-2.208896
-11.245289
5.020218
4.618601
-8.032350
0.200809
9.237202
-2.811322
-5.421836
10.843672
-3.212940
-10.843672
0.602426
1.004044
-10.442054
-2.811322
7.831541
-5.421836
-7.630732
11.044480
-2.208896
-8.634775
4.819409
2.409705
-8.233158
-1.405661
10.040437
-3.012131
-5.221027
9.839628
-1.807279
-10.843672
4.819409
3.413749
-7.028306
-0.602426
9.237202
-5.823453
-7.630732
6.024262
2.208896
-10.040437
9.036393
3.815366
-7.831541
-0.200809
9.438010
-2.008087
-7.028306
8.032350
-1.204852
-11.245289
7.229114
5.020218
-4.819409
2.409705
11.446097
-2.811322
-5.622644
9.839628
-0.401617
-6.225070
7.229114
5.221027
-6.225070
-0.803235
8.233158
-3.012131
-8.233158
10.843672
-1.405661
-8.835584
5.020218
5.421836
-6.425879
-0.602426
10.442054
-4.417792
-9.438010
9.438010
-1.204852
-10.241245
9.036393
4.819409
-5.020218
0.200809
10.241245
-4.216983
-4.016175
8.433967
3.012131
-5.622644
10.442054
9.438010
-4.417792
2.610513
11.044480
-2.610513
-4.016175
11.044480
0.200809
-7.429923
7.630732
2.811322
-7.229114
-0.803235
10.843672
-2.409705
-4.216983
10.442054
-1.204852
-7.831541
6.425879
5.020218
-4.819409
-1.004044
10.642862
-3.815366
-8.032350
12.048524
2.208896
-3.815366
13.654994
7.429923
-3.212940
-1.204852
8.433967
-3.012131
-5.421836
12.249332
3.413749
-8.233158
8.032350
3.212940
-5.221027
-0.200809
14.056611
-2.008087
-2.208896
10.241245
2.208896
-9.237202
6.626688
3.212940
-7.630732
-1.204852
8.634775
-3.212940
-8.634775
7.028306
-2.409705
-11.245289
4.216983
4.016175
-7.229114
1.004044
12.650950
1.405661
1.004044
14.458228
3.815366
-6.425879
6.425879
5.823453
-6.225070
3.212940
10.642862
-0.803235
-4.016175
9.638819
2.610513
-10.442054
5.823453
4.417792
-8.233158
0.401617
13.052567
-3.212940
-5.020218
9.839628
-0.602426
-8.433967
8.233158
6.827497
-8.233158
2.208896
9.237202
-4.016175
-7.229114
7.429923
-3.413749
-11.847715
6.024262
4.016175
-9.036393
-1.004044
7.831541
-6.024262
-8.433967
9.839628
-2.811322
-9.638819
6.225070
5.823453
-5.823453
5.020218
10.843672
-0.401617
-6.626688
9.438010
-1.405661
-10.241245
9.036393
5.020218
-6.024262
2.409705
7.831541
-2.208896
-4.819409
12.650950
1.807279
-5.622644
6.827497
5.622644
-9.638819
0.803235
6.024262
-4.417792
-9.438010
8.433967
-2.610513
-9.638819
8.032350
2.811322
-6.626688
-1.606470
9.438010
-5.622644
-4.618601
8.032350
-3.212940
-10.642862
3.815366
3.012131
-11.646906
-2.409705
8.433967
-6.626688
-4.618601
9.839628
-5.421836
-8.032350
5.020218
3.815366
-6.024262
1.807279
9.438010
-4.216983
-3.212940
10.843672
-2.811322
-4.016175
8.032350
2.208896
-3.012131
-1.807279
4.819409
-4.417792
-7.630732
10.843672
-4.819409
-6.827497
5.823453
2.409705
-5.221027
2.008087
8.433967
-3.012131
-5.020218
10.642862
-2.811322
-6.626688
7.028306
3.212940
-6.024262
1.606470
6.024262
-5.823453
-8.032350
8.233158
-1.405661
-9.036393
8.835584
0.602426
-6.827497
1.606470
5.622644
-5.020218
-6.024262
10.040437
-0.602426
-7.028306
7.630732
2.409705
-5.221027
2.610513
9.438010
-4.417792
-3.212940
11.446097
3.212940
-4.618601
9.438010
1.807279
-7.229114
3.012131
6.425879
-1.405661
-4.618601
9.839628
-0.200809
-9.438010
5.020218
-1.204852
-12.249332
-10.642862
3.012131
-15.060655
-17.068743
3.212940
-11.245289
-20.683300
-1.807279
-3.614557
-19.478447
-9.036393
2.208896
-12.048524
-17.269550
6.425879
-8.032350
-14.659038
2.008087
0.602426
-17.269550
-8.032350
5.823453
-13.052567
-13.253376
6.425879
-6.827497
-15.060655
2.610513
-0.602426
-15.663081
-8.634775
5.020218
-11.044480
-13.454185
11.245289
-6.626688
-13.855803
1.004044
1.204852
-14.056611
-5.622644
6.225070
-10.241245
-12.450141
11.847715
-3.012131
-11.646906
4.016175
4.417792
-14.056611
-1.405661
7.229114
-6.425879
-10.442054
11.446097
-2.811322
-15.060655
1.606470
1.606470
-13.052567
-5.823453
10.843672
-9.036393
-10.241245
12.048524
-3.614557
-14.257420
4.216983
2.008087
-11.646906
-3.614557
8.634775
-8.032350
-14.257420
8.433967
-5.622644
-14.859846
3.614557
2.610513
-15.462273
-2.811322
8.634775
-4.016175
-9.638819
10.442054
-2.008087
-12.650950
6.626688
7.229114
-11.446097
-2.409705
10.040437
-5.622644
-10.040437
12.650950
0.200809
-10.442054
8.233158
8.233158
-13.052567
-2.208896
10.241245
-5.020218
-10.040437
14.257420
1.004044
-10.241245
8.835584
6.024262
-11.044480
-1.204852
14.257420
-1.606470
-7.831541
11.646906
-2.008087
-13.654994
10.241245
10.040437
-6.827497
3.212940
14.458228
0.000000
-4.819409
17.068743
0.200809
-10.843672
8.634775
5.823453
-10.442054
-3.413749
11.646906
-4.819409
-6.425879
16.064699
0.200809
-11.245289
7.429923
5.221027
-11.044480
-0.200809
9.438010
-3.614557
-10.642862
11.646906
1.807279
-15.060655
10.040437
3.614557
-8.835584
-0.803235
11.245289
-3.012131
-11.044480
13.454185
-0.200809
-11.245289
6.425879
9.438010
-10.241245
-2.208896
11.446097
-7.831541
-11.044480
15.261463
2.208896
-9.638819
9.839628
6.024262
-9.237202
-2.409705
12.650950
-5.421836
-6.425879
16.466316
4.216983
-9.036393
8.634775
6.425879
-8.433967
-1.606470
14.056611
-7.229114
-10.442054
11.245289
-0.200809
-10.642862
9.036393
9.036393
-8.835584
-1.606470
11.446097
-5.221027
-8.634775
14.659038
1.405661
-12.249332
6.425879
7.229114
-7.831541
2.409705
14.859846
-3.012131
-7.630732
15.863890
2.409705
-8.634775
9.237202
7.429923
-10.442054
-1.004044
11.245289
-5.020218
-9.036393
16.265507
0.200809
-9.438010
6.024262
7.229114
-10.442054
2.008087
11.446097
-2.208896
-12.650950
16.667124
-1.004044
-8.032350
10.040437
9.839628
-6.425879
2.208896
12.048524
-2.409705
-8.634775
17.269550
3.815366
-10.442054
9.438010
6.626688
-10.040437
-0.401617
13.654994
-3.012131
-6.225070
15.060655
0.803235
-12.048524
5.221027
8.634775
-10.843672
1.807279
9.638819
-5.823453
-10.040437
13.855803
3.614557
-9.638819
8.835584
8.032350
-12.249332
0.602426
12.650950
-2.208896
-5.823453
19.277637
1.004044
-9.839628
8.835584
7.229114
-8.835584
2.208896
14.458228
-5.622644
-6.024262
12.048524
1.405661
-11.044480
8.634775
8.233158
-7.630732
0.401617
13.654994
-4.216983
-8.634775
16.667124
-2.208896
-11.847715
4.417792
6.024262
-12.450141
2.008087
14.257420
-4.819409
-5.020218
13.654994
3.212940
-8.634775
9.438010
8.634775
-10.040437
-1.204852
14.056611
-4.216983
-7.229114
14.056611
2.008087
-12.450141
9.438010
5.622644
-12.450141
-1.606470
10.040437
-4.819409
-6.024262
12.450141
2.008087
-13.052567
8.835584
6.827497
-8.835584
-0.200809
13.052567
-4.819409
-6.626688
15.663081
0.803235
-12.450141
6.425879
5.221027
-12.851759
0.200809
9.438010
-5.221027
-10.241245
15.663081
-0.803235
-9.237202
7.630732
7.028306
-11.245289
1.204852
8.634775
-4.417792
-11.446097
12.851759
0.803235
-11.847715
8.032350
6.827497
-10.442054
-0.401617
13.052567
-5.823453
-8.433967
10.642862
-0.602426
-14.859846
9.839628
5.020218
-9.036393
-2.008087
12.650950
-5.622644
-5.221027
14.257420
0.602426
-11.245289
7.429923
8.032350
-12.249332
-3.212940
8.835584
-9.237202
-8.233158
16.265507
1.807279
-9.438010
9.438010
8.433967
-9.036393
5.020218
12.249332
-2.610513
-7.028306
14.056611
3.012131
-9.237202
10.040437
9.839628
-8.032350
1.807279
13.454185
-6.827497
-11.446097
12.650950
-1.807279
-12.450141
6.827497
8.032350
-10.843672
3.815366
13.253376
-3.012131
-10.241245
11.646906
-1.004044
-12.048524
9.839628
10.040437
-9.036393
-1.204852
12.249332
-4.819409
-9.237202
14.659038
-0.803235
-8.835584
11.044480
10.442054
-10.642862
-1.606470
10.642862
-5.622644
-4.618601
16.867933
2.008087
-10.241245
9.237202
3.614557
-9.036393
-4.016175
12.851759
-7.028306
-11.847715
12.650950
-0.803235
-14.056611
10.241245
6.425879
-10.442054
-1.606470
11.847715
-7.630732
-5.622644
16.867933
2.208896
-12.048524
6.425879
5.221027
-9.638819
1.807279
13.654994
-5.221027
-8.433967
13.454185
-0.401617
-10.642862
10.843672
7.429923
-10.241245
-1.004044
9.036393
-8.233158
-9.237202
12.249332
0.000000
-13.454185
7.831541
5.823453
-10.040437
0.401617
11.847715
-6.225070
-8.835584
13.253376
-0.200809
-12.450141
7.429923
4.618601
-9.036393
-3.413749
11.847715
-6.425879
-12.048524
13.052567
-2.008087
-10.442054
9.036393
10.040437
-8.233158
-1.807279
11.847715
-6.626688
-9.638819
13.454185
-1.204852
-13.052567
7.229114
8.233158
-11.646906
-2.008087
10.642862
-5.221027
-9.638819
15.060655
0.602426
-13.654994
12.249332
6.827497
-9.237202
-0.200809
10.241245
-8.233158
-12.048524
12.650950
-0.200809
-12.249332
9.839628
4.819409
-12.249332
2.008087
11.847715
-4.618601
-6.225070
11.847715
-0.401617
-10.642862
9.638819
5.823453
-10.642862
