1.807279
-4.618601
0.000000
0.000000
0.000000
0.000000
0.000000
0.000000
0.000000
0.000000
0.000000
0.000000
0.000000
0.000000
0.000000
0.000000
0.000000
0.000000
0.000000
0.000000
0.000000
0.000000
0.000000
0.000000
0.000000
0.000000
0.000000
0.000000
0.000000
0.000000
0.000000
0.000000
0.000000
0.000000
0.000000
0.000000
0.000000
0.000000
0.000000
0.000000
0.000000
0.000000
0.000000
0.000000
0.000000
0.000000
0.000000
0.000000
0.000000
0.000000
0.000000
0.000000
0.000000
0.000000
0.000000
0.000000
0.000000
0.000000
0.000000
0.000000
0.000000
0.000000
0.000000
0.000000
0.000000
0.000000
0.000000
0.000000
0.000000
0.000000
0.000000
0.000000
0.000000
0.000000
0.000000
0.000000
0.000000
0.000000
0.000000
0.000000
0.000000
0.000000
0.000000
0.000000
0.000000
0.000000
0.000000
0.000000
0.000000
0.000000
0.000000
0.000000
0.000000
0.000000
0.000000
0.000000
0.000000
0.000000
0.000000
0.000000
0.000000
0.000000
0.000000
0.000000
0.000000
0.000000
0.000000
0.000000
0.000000
0.000000
0.000000
0.000000
0.000000
0.000000
0.000000
0.000000
0.000000
0.000000
0.000000
0.000000
0.000000
0.000000
0.000000
0.000000
0.000000
0.000000
0.000000
0.000000
0.000000
0.000000
0.000000
0.000000
0.000000
0.000000
0.000000
0.000000
0.000000
0.000000
0.000000
0.000000
0.000000
0.000000
0.000000
0.000000
0.000000
0.000000
0.000000
0.000000
0.000000
0.000000
0.000000
0.000000
0.000000
0.000000
0.000000
0.000000
0.000000
0.000000
0.000000
0.000000
0.000000
0.000000
0.000000
0.000000
0.000000
0.000000
0.000000
0.000000
0.000000
0.000000
0.000000
0.000000
0.000000
0.000000
0.000000
0.000000
0.000000
0.000000
0.000000
0.000000
0.000000
0.000000
0.000000
0.000000
0.000000
0.000000
0.000000
0.000000
0.000000
0.000000
0.000000
0.000000
0.000000
0.000000
0.000000
0.000000
0.000000
0.000000
0.000000
0.000000
0.000000
0.000000
2.409705
4.016175
-0.200809
-3.614557
1.807279
-1.606470
-6.225070
-0.401617
0.000000
-4.216983
0.803235
2.409705
-2.409705
-2.811322
3.212940
-0.803235
-0.803235
0.602426
1.606470
-3.614557
0.200809
3.012131
0.000000
-3.413749
3.413749
-3.413749
-2.008087
0.602426
3.413749
-1.405661
2.811322
3.012131
-1.004044
-4.417792
1.204852
-3.413749
-3.413749
0.602426
1.606470
-3.815366
-3.614557
0.000000
-4.618601
-2.208896
3.815366
3.413749
-2.811322
1.405661
-1.807279
-6.225070
-3.012131
1.204852
-3.012131
-3.212940
-1.405661
-0.200809
-5.421836
1.004044
1.004044
-3.212940
-0.602426
3.815366
-2.208896
-1.606470
0.602426
2.811322
-0.602426
5.221027
4.417792
-3.815366
-3.012131
-1.606470
-2.811322
-3.212940
3.413749
3.815366
-4.216983
-0.200809
0.803235
-7.229114
-1.405661
2.610513
-2.610513
-2.008087
2.208896
0.401617
-3.614557
3.212940
2.008087
-4.016175
-0.602426
-0.803235
-1.606470
-2.208896
2.811322
1.405661
-3.815366
1.606470
2.008087
-4.417792
-1.807279
1.606470
-1.204852
1.606470
5.622644
1.405661
-1.204852
3.212940
2.409705
-1.606470
0.000000
2.811322
0.000000
-2.409705
3.012131
-3.815366
-5.823453
-0.200809
1.204852
-4.216983
2.610513
2.008087
2.208896
-1.204852
5.421836
-1.807279
-5.823453
-0.200809
-1.204852
-3.614557
-0.401617
2.409705
-2.409705
-1.204852
1.807279
-1.405661
-3.012131
2.208896
1.204852
-0.803235
-0.200809
5.020218
0.401617
2.008087
4.417792
0.200809
-4.417792
0.602426
1.405661
-2.208896
0.602426
2.811322
0.200809
0.200809
5.421836
3.212940
-3.413749
3.413749
1.606470
-2.208896
-2.008087
0.602426
-4.016175
-3.614557
4.417792
-2.008087
-4.819409
-1.204852
-0.803235
-3.212940
0.000000
1.405661
-2.610513
-3.413749
0.602426
-1.807279
-4.417792
3.212940
1.405661
0.401617
1.204852
0.000000
-2.811322
-5.421836
1.004044
-1.004044
-4.819409
-0.401617
-0.401617
-1.405661
0.803235
7.630732
-0.602426
1.807279
2.610513
1.204852
-4.618601
1.606470
1.405661
0.000000
3.212940
5.020218
-0.401617
-3.413749
0.803235
-0.803235
-5.622644
3.614557
-0.200809
-3.413749
-1.204852
-1.204852
-5.622644
-5.020218
0.401617
0.200809
-3.815366
2.208896
-2.409705
-4.417792
-2.610513
4.618601
-1.606470
0.401617
4.216983
0.200809
-2.610513
2.409705
-0.602426
-2.610513
0.602426
2.610513
0.000000
-1.204852
4.216983
2.208896
-1.204852
3.413749
2.610513
-3.413749
1.204852
4.819409
2.208896
3.212940
6.827497
3.212940
-2.008087
3.614557
-1.004044
-2.811322
1.405661
2.811322
2.409705
-0.803235
4.216983
-2.409705
-3.012131
1.004044
2.610513
-2.208896
1.606470
1.807279
-0.803235
-1.405661
2.811322
0.401617
-3.413749
2.208896
2.008087
-3.212940
0.200809
1.606470
-0.401617
-3.815366
3.413749
-1.606470
-3.614557
1.204852
0.803235
-1.405661
1.405661
4.016175
1.606470
-1.204852
5.421836
-0.602426
-1.204852
-0.803235
4.417792
-2.409705
2.811322
5.622644
0.803235
0.401617
5.622644
0.401617
-1.405661
2.008087
2.811322
-1.606470
1.204852
3.012131
-0.602426
-1.606470
2.610513
-0.401617
-2.811322
0.401617
3.212940
-3.012131
1.606470
1.004044
-1.405661
-4.016175
1.204852
-0.401617
-4.417792
0.803235
3.212940
-1.606470
0.602426
3.413749
-5.020218
-2.208896
1.204852
1.807279
0.000000
4.417792
5.421836
-2.610513
-1.004044
0.803235
-6.425879
-2.208896
-1.204852
1.004044
-4.216983
-1.004044
0.000000
-5.622644
-1.405661
3.413749
-4.216983
-2.610513
0.200809
-1.405661
-4.819409
-0.602426
-0.401617
-2.208896
0.200809
5.421836
-1.405661
1.004044
5.221027
3.614557
-0.401617
5.421836
-0.602426
-5.221027
-4.216983
1.204852
-2.008087
0.602426
6.024262
1.606470
-1.004044
4.819409
1.204852
-3.012131
-0.602426
1.405661
-3.614557
-4.016175
1.004044
-0.401617
-4.016175
1.004044
-0.602426
-5.221027
-1.807279
2.208896
-2.409705
-1.204852
2.208896
1.405661
-3.815366
2.208896
0.803235
-4.216983
-1.405661
1.405661
-1.004044
-1.405661
3.614557
0.401617
-3.012131
-0.200809
1.004044
-5.823453
-0.602426
2.610513
-2.811322
1.405661
3.012131
-0.803235
-4.618601
-1.204852
-2.811322
-1.204852
-0.602426
6.626688
-0.200809
0.200809
3.413749
-3.614557
-5.622644
-0.803235
-1.807279
-1.606470
-0.200809
4.016175
0.200809
-0.803235
2.409705
0.401617
-3.012131
6.024262
4.618601
2.610513
4.618601
1.405661
0.803235
-5.221027
4.216983
0.401617
2.008087
2.208896
3.815366
-1.004044
0.000000
4.417792
-0.200809
-2.208896
5.221027
1.204852
-2.610513
2.409705
3.815366
-2.208896
2.008087
3.012131
-2.811322
-1.606470
3.012131
-0.200809
-1.807279
2.208896
0.602426
-1.807279
-1.204852
1.204852
-3.212940
-4.016175
0.000000
-0.401617
-2.610513
2.610513
1.204852
-1.204852
-1.807279
4.819409
-2.208896
0.401617
4.216983
3.413749
-2.008087
1.405661
0.200809
-7.229114
-1.405661
2.610513
-1.204852
-0.602426
4.016175
-2.008087
-3.012131
2.008087
0.401617
-1.405661
-1.807279
1.405661
-3.212940
-0.602426
4.819409
3.815366
0.200809
4.819409
2.811322
-0.803235
1.004044
3.614557
-0.401617
-1.606470
2.208896
1.004044
-1.807279
6.225070
0.200809
-3.012131
-1.405661
3.012131
-1.004044
0.803235
4.417792
2.208896
0.200809
5.020218
2.208896
-2.610513
-0.803235
5.421836
-1.004044
1.807279
6.225070
3.012131
-0.401617
3.614557
2.610513
-3.413749
2.811322
6.225070
0.000000
1.004044
5.020218
2.008087
-1.807279
4.618601
2.008087
-3.413749
2.409705
5.020218
-0.803235
-0.602426
3.212940
0.602426
-5.421836
4.216983
-0.200809
-3.815366
1.405661
2.811322
0.000000
-3.012131
5.421836
-1.204852
-2.811322
4.819409
0.602426
-0.602426
0.200809
3.413749
-0.803235
-0.200809
6.225070
4.016175
-1.606470
4.216983
3.212940
-6.024262
3.012131
2.208896
-0.401617
-1.405661
4.417792
0.803235
-2.208896
7.229114
5.221027
-0.602426
3.614557
5.020218
0.401617
0.401617
6.225070
0.401617
-3.212940
3.212940
2.811322
-3.413749
3.212940
3.815366
-3.012131
-0.200809
4.016175
1.004044
-0.602426
1.204852
2.610513
-5.421836
-2.008087
2.409705
-2.409705
-1.204852
5.421836
4.216983
-5.221027
3.413749
0.000000
-5.421836
1.405661
1.807279
-2.208896
-4.216983
3.012131
-3.413749
-6.827497
-1.004044
-2.208896
-6.024262
-1.204852
1.606470
-4.819409
-3.012131
3.212940
-1.204852
-3.815366
3.413749
3.012131
-3.212940
3.012131
0.200809
-5.421836
-3.614557
1.204852
1.405661
-1.606470
5.221027
2.008087
-2.811322
-0.401617
2.008087
-3.413749
-2.008087
3.012131
-2.208896
-6.024262
0.000000
-1.004044
-3.614557
1.004044
1.405661
-3.012131
-4.417792
0.401617
-0.401617
-4.618601
3.012131
0.401617
-4.016175
-1.004044
2.208896
-2.008087
-2.811322
3.212940
-1.606470
-3.413749
3.413749
1.606470
-4.016175
0.602426
0.602426
-2.811322
-0.401617
2.208896
3.012131
-5.221027
2.008087
0.000000
-5.421836
-1.004044
4.819409
-3.614557
-2.409705
4.216983
0.401617
-3.212940
5.221027
-0.602426
-4.417792
-4.016175
4.216983
-3.815366
-0.602426
3.012131
-1.807279
-6.626688
1.204852
-0.200809
-3.815366
0.200809
5.622644
-1.204852
1.606470
2.409705
2.008087
-4.819409
6.024262
0.000000
-2.610513
-1.204852
1.807279
-1.405661
-2.610513
2.811322
2.008087
-1.405661
4.016175
6.425879
-3.012131
4.618601
6.425879
1.606470
-1.004044
6.024262
-0.602426
-3.012131
2.610513
0.401617
-1.405661
-0.401617
4.819409
-2.208896
-1.807279
1.405661
-1.204852
-4.819409
1.807279
4.417792
-0.401617
2.008087
7.229114
-4.016175
-0.803235
4.618601
0.000000
-2.208896
5.020218
-1.204852
-0.803235
-1.405661
3.815366
-4.618601
-3.012131
-0.401617
-1.004044
-5.221027
4.216983
3.614557
-1.004044
-0.401617
3.614557
-6.225070
-3.413749
2.208896
-2.008087
-1.807279
2.008087
4.417792
-5.221027
1.405661
1.405661
-2.610513
-2.811322
3.012131
-1.004044
-2.811322
3.413749
5.020218
-2.610513
2.008087
2.610513
-5.421836
-3.012131
0.602426
-0.602426
-5.020218
3.212940
0.401617
-4.819409
-1.807279
0.602426
-6.626688
-4.016175
-0.803235
-1.606470
-7.028306
0.401617
-1.204852
-6.626688
-1.004044
1.204852
-5.823453
-5.020218
-0.602426
-2.208896
-5.622644
0.803235
-1.004044
-6.024262
-2.008087
4.216983
-1.204852
0.200809
4.417792
0.000000
-3.614557
0.000000
3.614557
-7.028306
1.807279
0.200809
-3.614557
-2.008087
1.405661
-0.602426
-4.618601
0.200809
1.405661
-5.020218
-0.401617
1.405661
-4.216983
-2.208896
3.012131
-0.602426
-4.216983
1.204852
-0.200809
-3.815366
-1.405661
4.819409
-3.815366
0.200809
4.016175
0.803235
-4.417792
3.212940
-1.606470
-4.819409
-1.807279
2.811322
-2.208896
0.200809
3.614557
0.803235
-3.614557
3.815366
2.008087
-3.413749
1.204852
0.000000
-0.401617
-5.221027
5.020218
-3.815366
-3.815366
1.004044
1.004044
-5.622644
1.204852
0.803235
-2.610513
-2.409705
1.405661
-2.008087
-6.827497
0.803235
1.004044
-5.020218
3.815366
1.204852
-3.012131
-4.819409
2.811322
-2.811322
-0.803235
1.204852
0.401617
-4.417792
-3.212940
2.610513
-5.622644
-0.602426
2.610513
0.401617
-2.610513
4.016175
0.602426
-3.012131
-1.405661
2.409705
-4.417792
-2.811322
0.200809
-2.409705
-5.421836
1.204852
-0.401617
-2.811322
-1.405661
4.819409
-1.405661
-2.409705
2.610513
0.602426
-3.815366
3.012131
0.000000
-7.028306
1.807279
0.803235
-0.803235
-2.208896
2.409705
0.200809
-3.815366
4.819409
1.004044
-2.008087
0.401617
4.819409
-3.012131
-0.401617
5.221027
-2.008087
-2.208896
3.815366
1.405661
-2.811322
-1.204852
3.012131
-2.208896
-1.004044
5.421836
-1.405661
-3.815366
2.409705
1.807279
-1.807279
3.614557
5.020218
0.200809
-0.401617
4.016175
-0.401617
-4.819409
1.204852
1.204852
-5.622644
2.409705
3.012131
1.405661
0.000000
3.614557
-1.405661
-4.417792
1.807279
3.012131
-3.614557
-0.200809
4.216983
-3.212940
-0.200809
5.221027
0.803235
0.200809
4.016175
2.811322
-4.216983
0.000000
3.012131
-0.803235
-1.606470
3.413749
-2.008087
-5.221027
1.204852
3.815366
-3.413749
3.815366
3.012131
-4.216983
-2.610513
1.405661
-0.803235
-5.221027
3.413749
-1.004044
-3.815366
1.405661
2.208896
-3.012131
-2.610513
2.409705
-1.204852
-1.204852
3.012131
4.618601
-2.208896
1.204852
4.417792
-4.417792
-4.819409
2.409705
-3.012131
-4.216983
3.413749
2.008087
-1.004044
2.811322
2.409705
-3.815366
-6.626688
2.208896
-0.401617
0.401617
6.626688
4.417792
-1.405661
3.012131
1.405661
-0.803235
-1.204852
3.614557
-1.004044
-2.811322
0.401617
4.016175
-5.020218
4.417792
1.204852
-2.409705
-3.012131
2.811322
-1.405661
-2.610513
2.008087
0.803235
-6.024262
-1.807279
1.606470
-5.421836
-4.417792
1.405661
-3.614557
-5.421836
3.212940
0.200809
-1.204852
2.208896
4.417792
-2.409705
-2.208896
3.614557
-1.405661
0.602426
3.012131
2.409705
-3.815366
0.401617
2.610513
0.803235
1.807279
7.429923
1.606470
-2.610513
2.409705
-0.602426
-6.425879
0.200809
3.012131
-1.004044
1.405661
4.417792
1.606470
-3.012131
5.823453
1.004044
-4.216983
0.401617
2.409705
-0.401617
-2.208896
4.216983
-2.610513
-5.221027
3.413749
2.409705
-2.008087
1.405661
4.016175
-2.811322
-0.803235
6.626688
-1.004044
-2.409705
2.811322
3.012131
-0.602426
1.405661
2.409705
-3.614557
-5.622644
2.008087
-1.004044
-5.823453
1.807279
2.409705
-3.815366
-0.602426
4.417792
-5.823453
-1.807279
2.811322
-2.610513
-5.020218
0.803235
1.405661
-2.610513
4.417792
6.024262
-0.602426
0.000000
6.024262
1.405661
0.200809
3.413749
2.811322
-5.622644
0.200809
3.413749
-2.208896
-1.004044
3.212940
-2.409705
-4.819409
0.401617
2.409705
-5.421836
0.000000
1.807279
-3.012131
-2.208896
3.413749
1.204852
-3.012131
3.614557
4.618601
-1.606470
3.815366
4.417792
-2.610513
-1.807279
2.409705
1.204852
-2.008087
3.815366
2.008087
-4.618601
-0.200809
0.602426
-4.016175
-3.413749
2.610513
-1.606470
-3.212940
0.200809
1.204852
-5.020218
0.803235
3.815366
-2.610513
0.200809
3.012131
2.208896
-5.221027
2.008087
1.606470
-5.020218
4.016175
3.413749
-1.606470
-1.807279
4.016175
-0.803235
0.000000
3.815366
2.008087
-5.020218
-0.401617
0.602426
-2.008087
-1.405661
3.815366
0.000000
-4.819409
4.216983
0.000000
-4.016175
1.405661
1.606470
-2.409705
-1.405661
4.618601
-1.807279
-1.606470
2.610513
2.610513
-4.618601
0.401617
-0.803235
-5.823453
-4.819409
0.200809
-1.004044
-7.028306
2.008087
0.000000
-4.016175
3.413749
4.618601
-1.004044
-3.815366
4.216983
-3.212940
-3.012131
2.409705
3.212940
-4.819409
2.008087
5.622644
-2.409705
2.610513
5.020218
-1.004044
-4.618601
3.413749
-0.200809
-0.803235
0.401617
3.413749
-1.807279
-2.409705
5.020218
1.204852
-2.811322
3.614557
1.807279
-2.610513
2.409705
4.618601
-1.004044
0.200809
3.815366
-1.004044
-4.417792
1.807279
-1.405661
-3.815366
-1.204852
1.606470
-3.815366
-1.807279
2.811322
-1.204852
-0.200809
3.815366
4.417792
-2.610513
2.811322
3.815366
0.200809
0.200809
7.028306
1.004044
-3.212940
2.409705
0.803235
-2.811322
2.811322
4.016175
-2.811322
-2.008087
4.216983
1.405661
-1.204852
5.622644
2.610513
-3.212940
3.012131
2.208896
-0.602426
-1.405661
2.811322
-0.803235
-4.417792
2.409705
2.610513
-3.413749
1.807279
2.409705
-4.417792
-2.610513
1.807279
-0.200809
-5.421836
4.216983
1.606470
-4.016175
1.204852
2.208896
-5.622644
-0.200809
2.208896
-1.004044
-3.413749
3.614557
2.409705
-0.602426
1.004044
2.409705
-2.811322
-2.008087
4.819409
2.008087
-3.614557
2.811322
-0.803235
-6.024262
0.200809
2.409705
-2.409705
-2.008087
3.212940
-1.606470
-3.413749
2.208896
-1.405661
-8.433967
-3.815366
-0.200809
-3.614557
0.401617
6.225070
1.004044
-2.208896
3.815366
1.405661
-2.811322
4.417792
4.417792
-1.405661
-2.208896
2.610513
-2.208896
-6.225070
5.622644
-3.012131
-3.212940
-3.614557
-1.004044
-3.012131
-3.012131
5.622644
-2.008087
-5.421836
1.606470
0.401617
-4.216983
-2.008087
2.008087
-3.614557
-0.803235
5.421836
-1.004044
-4.216983
1.204852
-0.401617
-5.421836
-0.803235
2.409705
-2.208896
-0.602426
4.016175
-0.401617
-4.819409
4.819409
0.602426
-3.012131
0.602426
1.606470
-3.614557
-3.614557
3.012131
-5.421836
-3.212940
-1.204852
0.401617
-5.421836
0.803235
4.618601
-2.409705
-1.807279
1.405661
-4.016175
-4.016175
2.409705
2.811322
-1.807279
1.807279
4.216983
-1.204852
-0.803235
4.819409
-1.807279
-2.409705
2.208896
2.811322
-3.614557
1.606470
3.413749
-0.401617
-0.803235
5.221027
0.000000
-3.815366
3.012131
2.008087
-4.417792
2.008087
1.405661
-4.216983
-2.409705
1.807279
-0.401617
-1.807279
1.004044
3.815366
-4.819409
1.807279
1.405661
-4.016175
-2.208896
4.216983
0.200809
-0.803235
5.020218
2.409705
-3.212940
0.000000
0.803235
-2.811322
-3.815366
3.413749
-3.012131
-5.823453
4.016175
0.200809
-3.815366
1.606470
0.803235
-2.811322
-1.204852
4.417792
0.803235
-1.807279
4.417792
0.200809
-3.614557
-1.004044
1.606470
-4.417792
0.200809
3.614557
1.204852
-5.221027
1.004044
-2.409705
-4.618601
2.409705
1.807279
-3.012131
-2.610513
1.405661
-2.208896
-4.819409
1.004044
-2.008087
-4.618601
0.200809
1.606470
-2.610513
-3.614557
1.204852
-3.815366
-3.815366
0.401617
-1.606470
-6.225070
-0.602426
4.216983
-0.803235
1.807279
3.212940
0.803235
-2.008087
3.413749
1.807279
-6.024262
-0.200809
1.204852
-2.811322
-0.803235
2.008087
-0.803235
-4.819409
0.200809
-1.204852
-4.819409
-0.602426
4.417792
-3.212940
-0.401617
1.807279
-0.803235
-5.622644
1.606470
-2.409705
-5.020218
0.401617
2.008087
-4.819409
-3.212940
1.004044
-1.807279
-2.811322
2.610513
2.409705
-3.212940
3.212940
4.216983
-1.405661
-4.016175
2.208896
-5.823453
-6.425879
1.004044
-0.401617
-4.016175
0.401617
3.012131
-1.405661
-2.610513
3.614557
-2.409705
-5.421836
2.610513
0.803235
-2.208896
2.409705
4.618601
-2.208896
-2.208896
3.012131
-2.610513
-3.614557
3.012131
1.807279
-3.413749
0.602426
2.409705
-6.225070
2.008087
1.606470
0.803235
-4.216983
1.204852
2.610513
-3.212940
4.216983
2.811322
-4.016175
-1.606470
1.204852
0.602426
-2.811322
5.421836
4.016175
-1.405661
2.409705
3.413749
-2.811322
-1.204852
6.225070
0.200809
-2.208896
4.016175
1.204852
-4.216983
2.610513
1.004044
-2.208896
-2.409705
3.614557
-1.405661
-1.405661
4.618601
1.807279
-1.606470
1.405661
2.008087
-2.610513
-0.803235
2.610513
1.405661
-2.610513
5.020218
2.008087
-2.811322
2.008087
4.618601
-4.216983
2.008087
6.626688
3.614557
2.008087
6.024262
1.606470
-2.208896
0.401617
5.823453
-1.405661
0.401617
5.823453
0.803235
-4.216983
4.216983
1.807279
-1.004044
3.815366
5.421836
-2.409705
-1.606470
4.618601
-0.602426
-2.409705
5.823453
0.803235
-1.405661
1.606470
3.413749
-0.401617
3.614557
8.233158
4.618601
-0.803235
5.622644
1.004044
-4.216983
3.413749
3.012131
-0.803235
2.610513
4.417792
1.606470
-3.413749
5.823453
0.602426
1.004044
3.012131
6.626688
-2.811322
1.807279
3.212940
-0.602426
-3.614557
3.413749
-1.807279
-3.815366
1.004044
1.204852
-5.421836
-2.208896
1.004044
-2.811322
-3.212940
3.212940
2.409705
-0.401617
6.626688
9.638819
1.606470
3.212940
5.622644
-1.004044
-1.405661
3.815366
3.815366
-2.208896
4.618601
5.221027
-2.811322
2.610513
1.405661
-1.204852
-3.212940
3.012131
1.807279
0.803235
2.409705
4.417792
-3.413749
-0.803235
3.614557
0.602426
-0.200809
1.807279
2.409705
-3.212940
1.004044
3.413749
-4.618601
-2.409705
1.606470
-1.204852
-2.409705
2.208896
2.008087
-3.614557
1.204852
0.401617
-3.614557
-3.413749
1.405661
-1.204852
-1.606470
5.020218
5.622644
-1.204852
4.618601
3.012131
-3.012131
-1.004044
3.413749
2.610513
-1.004044
5.421836
2.610513
-5.020218
3.212940
3.012131
-0.602426
1.004044
6.024262
-1.004044
-1.606470
1.004044
1.405661
-5.221027
1.405661
1.204852
-3.413749
-1.204852
3.413749
-0.602426
-4.016175
3.614557
-1.004044
-2.811322
0.401617
3.012131
-5.020218
-4.016175
0.803235
-4.016175
-3.614557
-1.606470
-2.610513
-4.417792
-1.004044
3.815366
-3.212940
-5.020218
3.012131
-3.012131
-3.012131
4.216983
0.401617
-3.413749
1.004044
1.807279
-3.212940
-3.614557
5.020218
-2.008087
-4.618601
5.221027
-2.811322
-6.827497
0.803235
-2.008087
-2.811322
-5.221027
2.811322
-3.815366
-4.216983
4.216983
0.602426
-2.610513
2.208896
2.008087
-2.208896
-1.807279
4.216983
-1.606470
-2.811322
3.614557
0.602426
-5.421836
-0.602426
0.200809
-4.618601
-0.200809
0.803235
-0.803235
-6.024262
2.409705
1.405661
-5.221027
1.606470
1.204852
-2.208896
0.000000
4.016175
-0.200809
-3.212940
5.421836
2.208896
-1.606470
2.008087
4.016175
-1.204852
4.016175
7.229114
2.208896
-3.012131
3.614557
2.409705
-4.216983
4.417792
2.811322
-2.008087
0.401617
3.413749
-2.409705
-5.020218
-0.602426
-1.405661
-5.020218
-1.807279
0.401617
-5.823453
-5.221027
-0.200809
-5.221027
-6.626688
-2.409705
-2.008087
-7.229114
0.000000
-1.606470
-3.413749
-3.413749
3.212940
-1.807279
-4.216983
-1.004044
-3.212940
-5.221027
-3.012131
0.401617
-5.020218
-3.815366
1.807279
-2.610513
-6.024262
-0.401617
-2.008087
-6.024262
0.401617
0.401617
-0.602426
-4.016175
3.614557
-4.016175
-4.819409
1.204852
-0.803235
-6.225070
0.000000
0.803235
-0.602426
-0.803235
5.622644
-1.807279
-1.204852
0.803235
1.807279
-5.421836
2.008087
2.409705
-1.004044
-1.606470
2.409705
-4.417792
-4.417792
1.405661
-1.405661
-2.008087
0.200809
3.413749
-1.405661
-2.208896
1.405661
-2.811322
-6.024262
2.008087
-0.200809
-4.819409
0.200809
-1.204852
-4.417792
-4.216983
2.008087
-4.016175
-5.020218
-2.409705
0.401617
-5.622644
3.614557
3.012131
-3.413749
-1.004044
3.012131
-1.807279
-1.004044
1.004044
0.401617
-4.016175
1.807279
2.610513
-1.405661
0.803235
5.020218
0.200809
-0.803235
0.401617
0.000000
-4.819409
2.409705
1.807279
-0.602426
1.004044
4.216983
0.803235
-3.413749
2.208896
0.200809
-0.602426
4.417792
3.614557
-3.413749
-2.409705
1.405661
1.004044
0.803235
5.020218
3.815366
-0.803235
5.622644
5.823453
1.405661
-0.803235
3.012131
-2.208896
-4.216983
0.200809
-2.409705
-3.413749
1.606470
4.819409
1.004044
-0.401617
3.413749
-2.208896
-4.618601
1.004044
0.803235
-6.024262
2.610513
0.803235
-3.614557
1.807279
-0.200809
0.200809
-5.823453
2.208896
0.200809
-4.819409
3.012131
-1.004044
-2.409705
-2.008087
2.811322
-2.409705
-0.401617
2.208896
-0.803235
-4.016175
-1.204852
-0.200809
-1.004044
1.204852
3.815366
-0.401617
-3.815366
2.208896
-0.803235
-3.012131
1.807279
3.212940
0.200809
2.811322
4.819409
-0.200809
-2.811322
4.016175
-0.200809
-1.606470
-0.401617
0.401617
-4.216983
-1.204852
4.016175
-0.602426
-0.200809
3.212940
0.602426
-4.216983
1.405661
2.409705
-1.606470
0.200809
2.409705
-2.811322
-2.008087
4.618601
3.212940
-1.204852
3.413749
1.807279
-0.602426
0.803235
5.221027
0.803235
-1.807279
2.409705
0.000000
-4.819409
1.004044
0.401617
0.000000
-1.606470
5.421836
-1.405661
-1.807279
3.012131
2.008087
-4.618601
3.815366
-1.606470
1.405661
-1.405661
6.225070
0.200809
0.401617
5.221027
3.614557
-4.216983
4.417792
2.409705
1.606470
3.413749
4.819409
0.602426
-2.208896
2.811322
0.200809
-2.008087
2.409705
4.216983
-0.803235
-0.401617
3.212940
-3.012131
-0.401617
2.811322
2.208896
-6.225070
0.000000
0.401617
-2.208896
2.610513
4.216983
-0.401617
-2.008087
0.200809
0.401617
-3.212940
3.815366
4.016175
3.012131
-0.200809
3.212940
-0.200809
-2.208896
3.815366
3.012131
-2.008087
1.204852
3.614557
-4.016175
0.401617
2.610513
-1.004044
-1.405661
4.618601
1.004044
-2.208896
2.208896
0.401617
0.401617
-3.815366
2.008087
-4.417792
-2.811322
0.200809
4.016175
-1.405661
2.811322
4.216983
-3.012131
1.204852
5.020218
0.000000
-0.401617
2.008087
-1.606470
-1.807279
1.606470
3.012131
-1.606470
1.004044
2.409705
0.000000
-3.815366
0.401617
0.200809
-5.221027
2.610513
4.216983
-3.614557
0.803235
1.204852
0.200809
-2.208896
4.417792
1.606470
-2.208896
2.208896
4.016175
-0.200809
0.200809
2.409705
-3.012131
-4.016175
-0.602426
0.000000
-6.225070
0.401617
-0.401617
-0.602426
-1.807279
5.221027
-1.204852
-1.807279
2.008087
0.200809
-6.827497
0.602426
0.200809
-2.409705
1.204852
3.614557
-0.803235
-2.008087
3.614557
0.602426
-2.208896
1.204852
2.610513
-4.618601
-0.803235
0.401617
0.401617
-4.016175
4.216983
0.602426
-2.208896
3.012131
4.016175
-2.409705
-1.004044
2.811322
-1.606470
-0.401617
0.803235
0.200809
-5.622644
-0.200809
3.212940
0.000000
1.204852
5.020218
-0.401617
-0.200809
3.012131
5.020218
-3.815366
3.815366
2.811322
-1.405661
1.807279
5.823453
1.405661
1.606470
5.221027
3.614557
-2.008087
1.204852
-0.401617
-2.811322
-2.208896
2.409705
-2.008087
-0.803235
2.409705
4.016175
-2.008087
3.212940
1.204852
-3.614557
-0.602426
2.208896
-0.602426
0.401617
3.012131
0.401617
-2.610513
2.610513
2.208896
-1.204852
-0.602426
5.020218
0.200809
1.004044
1.204852
-1.405661
-4.216983
1.004044
5.221027
0.602426
1.204852
3.815366
-1.004044
-5.020218
3.212940
-3.212940
-1.807279
-0.200809
0.401617
-2.008087
0.200809
1.405661
-0.200809
-2.811322
1.807279
1.606470
-3.012131
1.606470
4.216983
0.401617
0.803235
2.409705
-2.409705
-3.212940
3.413749
2.208896
-1.405661
1.807279
1.204852
-2.409705
-1.405661
3.815366
1.606470
-1.204852
2.811322
1.004044
-5.823453
0.000000
1.405661
-3.815366
-0.401617
1.606470
-0.602426
-2.208896
3.212940
2.008087
-3.212940
1.405661
3.212940
-2.208896
0.200809
3.012131
-2.008087
-3.815366
3.815366
-1.204852
-3.212940
2.008087
-0.803235
-2.409705
-1.807279
4.216983
-1.004044
1.204852
3.815366
0.000000
-3.012131
0.803235
2.208896
-2.409705
-0.803235
2.008087
-2.409705
-0.803235
1.405661
-1.004044
-3.614557
2.008087
2.409705
0.200809
1.204852
2.409705
2.208896
-1.807279
3.212940
1.204852
-5.221027
-0.602426
-1.004044
-3.212940
0.000000
2.409705
0.200809
-3.815366
0.803235
1.807279
-3.212940
2.008087
3.815366
-4.417792
-0.803235
3.012131
-0.200809
-3.012131
2.008087
