-15.863890
7.831541
0.000000
0.000000
0.000000
0.000000
0.000000
0.000000
0.000000
0.000000
0.000000
0.000000
0.000000
0.000000
0.000000
0.000000
0.000000
0.000000
0.000000
0.000000
0.000000
0.000000
0.000000
0.000000
0.000000
0.000000
0.000000
0.000000
0.000000
0.000000
0.000000
0.000000
0.000000
0.000000
0.000000
0.000000
0.000000
0.000000
0.000000
0.000000
0.000000
0.000000
0.000000
0.000000
0.000000
0.000000
0.000000
0.000000
0.000000
0.000000
0.000000
0.000000
0.000000
0.000000
0.000000
0.000000
0.000000
0.000000
0.000000
0.000000
0.000000
0.000000
0.000000
0.000000
0.000000
0.000000
0.000000
0.000000
0.000000
0.000000
0.000000
0.000000
0.000000
0.000000
0.000000
0.000000
0.000000
0.000000
0.000000
0.000000
0.000000
0.000000
0.000000
0.000000
0.000000
0.000000
0.000000
0.000000
0.000000
0.000000
0.000000
0.000000
0.000000
0.000000
0.000000
0.000000
0.000000
0.000000
0.000000
0.000000
0.000000
0.000000
0.000000
0.000000
0.000000
0.000000
0.000000
0.000000
0.000000
0.000000
0.000000
0.000000
0.000000
0.000000
0.000000
0.000000
0.000000
0.000000
0.000000
0.000000
0.000000
0.000000
0.000000
0.000000
0.000000
0.000000
0.000000
0.000000
0.000000
0.000000
0.000000
0.000000
0.000000
0.000000
0.000000
0.000000
0.000000
0.000000
0.000000
0.000000
0.000000
0.000000
0.000000
0.000000
0.000000
0.000000
0.000000
0.000000
0.000000
0.000000
0.000000
0.000000
0.000000
0.000000
0.000000
0.000000
0.000000
0.000000
0.000000
0.000000
0.000000
0.000000
0.000000
0.000000
0.000000
0.000000
0.000000
0.000000
0.000000
0.000000
0.000000
0.000000
0.000000
0.000000
0.000000
0.000000
0.000000
0.000000
0.000000
0.000000
0.000000
0.000000
0.000000
0.000000
0.000000
0.000000
0.000000
0.000000
0.000000
0.000000
0.000000
0.000000
0.000000
0.000000
0.000000
0.000000
0.000000
0.000000
0.000000
0.000000
0.000000
0.000000
9.839628
-13.253376
1.606470
12.450141
-9.438010
-11.245289
13.052567
-3.212940
-18.072786
9.036393
8.032350
-14.659038
0.000000
13.654994
-8.233158
-10.442054
17.871977
-1.807279
-15.462273
10.040437
8.032350
-13.654994
2.610513
13.253376
-8.634775
-12.650950
16.667124
-2.610513
-13.253376
11.446097
10.040437
-13.654994
1.204852
12.048524
-11.044480
-13.855803
14.257420
-3.012131
-15.863890
9.237202
4.216983
-18.273594
-2.409705
14.056611
-9.237202
-6.225070
15.462273
-1.606470
-18.072786
7.831541
4.819409
-16.064699
-1.405661
12.450141
-14.257420
-9.839628
13.454185
-1.606470
-16.466316
9.839628
6.827497
-13.855803
0.000000
14.056611
-11.847715
-6.626688
18.876020
2.610513
-12.048524
9.638819
4.819409
-18.675213
0.200809
13.654994
-8.835584
-5.020218
14.659038
-3.012131
-15.863890
6.225070
6.225070
-14.859846
-0.200809
13.855803
-10.642862
-8.634775
14.859846
-0.401617
-14.859846
9.036393
6.425879
-18.474403
1.004044
14.056611
-9.438010
-7.630732
14.859846
-1.606470
-14.859846
9.839628
5.421836
-15.261463
1.606470
17.470360
-7.429923
-8.032350
17.068743
-0.200809
-14.056611
11.847715
7.429923
-14.859846
3.012131
14.056611
-9.237202
-13.654994
12.650950
-4.618601
-16.265507
9.839628
9.638819
-14.257420
5.622644
15.060655
-6.425879
-10.843672
12.851759
-4.016175
-18.675213
10.241245
6.225070
-15.462273
0.000000
13.855803
-10.843672
-10.642862
15.663081
-1.405661
-15.261463
13.253376
7.429923
-13.253376
3.815366
17.470360
-7.630732
-8.634775
14.458228
-2.811322
-15.261463
12.650950
7.831541
-14.056611
3.815366
16.064699
-6.425879
-6.024262
14.659038
-0.401617
-15.863890
12.048524
5.020218
-17.470360
0.000000
12.249332
-7.028306
-10.442054
14.257420
-4.819409
-17.671167
9.438010
7.028306
-16.667124
0.803235
12.450141
-11.646906
-10.642862
14.257420
0.602426
-15.663081
14.458228
8.433967
-18.072786
-0.200809
10.241245
-12.450141
-10.241245
13.253376
-4.417792
-17.671167
12.851759
7.630732
-9.839628
2.610513
17.269550
-9.839628
-7.229114
14.458228
-1.807279
-14.859846
13.855803
10.241245
-12.851759
3.012131
12.249332
-11.847715
-9.839628
13.052567
-0.200809
-16.466316
11.446097
5.622644
-18.474403
-2.008087
10.642862
-12.249332
-8.634775
15.060655
-2.208896
-18.876020
9.638819
3.815366
-13.253376
2.409705
15.863890
-8.634775
-8.433967
16.064699
-2.008087
-16.466316
11.446097
6.626688
-14.458228
3.413749
15.261463
-9.036393
-6.827497
16.867933
-0.803235
-14.056611
11.044480
7.630732
-13.253376
5.020218
18.474403
-6.425879
-4.819409
17.470360
-0.401617
-17.269550
11.446097
7.831541
-15.060655
5.823453
14.257420
-8.032350
-10.642862
16.265507
-2.811322
-14.056611
12.249332
8.233158
-15.261463
2.610513
14.257420
-9.839628
-6.827497
16.265507
-0.200809
-13.654994
11.245289
7.028306
-16.466316
3.614557
11.847715
-9.638819
-9.438010
15.261463
-2.008087
-15.060655
13.654994
8.233158
-13.454185
5.421836
14.458228
-8.233158
-9.237202
17.068743
-4.618601
-11.847715
12.650950
9.237202
-12.048524
5.221027
16.265507
-6.827497
-7.229114
17.671167
-2.409705
-13.454185
12.851759
7.429923
-14.458228
2.811322
13.855803
-10.843672
-8.835584
15.863890
-4.016175
-13.253376
11.847715
8.032350
-16.466316
2.409705
11.245289
-11.847715
-8.433967
14.859846
-3.413749
-13.855803
13.253376
6.425879
-14.257420
-0.200809
13.654994
-11.446097
-6.024262
19.076830
0.200809
-11.044480
12.249332
4.618601
-16.667124
-2.409705
13.253376
-13.253376
-6.425879
15.261463
-5.020218
-16.064699
8.835584
5.221027
-14.458228
0.000000
12.450141
-12.650950
-9.438010
14.257420
-4.417792
-16.265507
13.052567
6.827497
-12.249332
2.610513
16.064699
-8.433967
-4.618601
17.871977
1.204852
-16.867933
9.237202
1.807279
-16.867933
2.409705
16.064699
-7.028306
-6.425879
17.871977
1.004044
-15.060655
12.650950
5.622644
-16.064699
0.803235
11.044480
-12.450141
-8.032350
14.659038
-3.212940
-16.064699
9.638819
4.819409
-15.663081
2.208896
13.654994
-10.843672
-6.225070
15.060655
-2.610513
-15.060655
11.245289
4.417792
-16.064699
3.012131
13.454185
-9.638819
-7.229114
16.265507
-4.819409
-15.060655
8.433967
5.020218
-16.466316
1.606470
15.863890
-10.040437
-8.433967
14.458228
-5.622644
-18.474403
14.458228
6.024262
-10.442054
4.819409
15.261463
-10.442054
-11.245289
12.851759
-5.221027
-17.470360
14.056611
5.823453
-14.056611
5.020218
13.454185
-10.642862
-7.229114
15.863890
1.204852
-10.642862
18.072786
10.442054
-17.068743
5.020218
9.438010
-9.638819
-7.429923
20.884108
-3.212940
-11.847715
14.056611
5.421836
-13.253376
4.216983
12.650950
-8.634775
-6.425879
16.667124
-2.409705
-11.446097
13.052567
7.831541
-14.257420
2.409705
13.654994
-10.241245
-7.630732
16.667124
-3.614557
-15.261463
12.851759
4.618601
-16.064699
2.008087
11.446097
-14.056611
-8.032350
15.663081
-2.409705
-14.659038
13.855803
3.413749
-13.253376
2.811322
15.462273
-9.839628
-3.212940
16.667124
-3.012131
-14.257420
8.233158
4.618601
-16.064699
4.016175
14.056611
-8.233158
-8.433967
16.064699
-2.811322
-15.863890
13.855803
3.614557
-16.466316
2.008087
14.257420
-10.040437
-2.409705
19.076830
0.602426
-11.847715
14.659038
6.626688
-14.859846
5.823453
13.253376
-11.044480
-5.421836
17.470360
0.200809
-15.060655
12.851759
3.815366
-15.462273
6.024262
15.060655
-8.032350
-3.012131
20.281681
-0.200809
-12.048524
14.458228
5.221027
-11.646906
6.827497
17.068743
-7.630732
-2.610513
19.478447
-2.208896
-11.646906
14.458228
8.032350
-11.446097
8.233158
15.462273
-8.835584
-2.610513
18.474403
-1.606470
-13.253376
14.056611
6.626688
-12.450141
7.630732
13.855803
-10.642862
-4.417792
14.056611
-1.405661
-14.659038
14.659038
6.626688
-14.659038
8.433967
11.847715
-8.835584
-5.622644
17.269550
-1.204852
-14.659038
16.667124
4.016175
-13.855803
6.626688
14.056611
-8.032350
-1.606470
18.474403
-2.811322
-11.646906
11.646906
7.229114
-14.859846
7.630732
12.851759
-9.638819
-4.016175
18.273594
1.004044
-9.839628
17.671167
7.429923
-12.450141
8.634775
14.056611
-8.032350
-4.618601
16.466316
-3.413749
-12.249332
13.855803
7.028306
-14.257420
5.020218
13.454185
-10.642862
-4.016175
19.478447
-4.819409
-12.450141
12.450141
1.004044
-16.265507
4.618601
11.646906
-9.638819
-0.602426
14.458228
-3.212940
-14.859846
12.249332
4.819409
-15.863890
5.622644
9.638819
-11.044480
-8.634775
12.249332
-7.429923
-17.269550
11.646906
2.610513
-15.863890
1.807279
11.044480
-12.650950
-6.827497
14.859846
-3.413749
-12.851759
13.253376
6.425879
-18.675213
2.610513
10.040437
-13.253376
-4.819409
16.466316
-2.811322
-13.454185
14.659038
3.413749
-15.863890
4.417792
11.446097
-12.048524
-7.630732
12.851759
-7.229114
-16.265507
12.048524
4.216983
-18.273594
4.216983
8.835584
-15.663081
-6.225070
13.454185
-4.618601
-14.458228
13.253376
2.208896
-16.265507
4.216983
9.839628
-12.249332
-7.028306
16.064699
-4.216983
-14.458228
11.847715
3.012131
-17.871977
4.216983
12.851759
-13.454185
-3.212940
13.654994
-5.823453
-15.663081
11.245289
1.606470
-13.855803
3.614557
10.442054
-11.044480
-5.421836
15.462273
-2.811322
-16.064699
12.249332
-1.004044
-13.654994
3.815366
12.650950
-12.048524
-7.429923
12.048524
-6.225070
-15.462273
12.249332
4.016175
-14.056611
6.024262
14.257420
-12.650950
-3.614557
14.056611
-1.405661
-15.261463
14.458228
2.409705
-16.265507
5.622644
10.642862
-12.851759
-3.212940
17.671167
-3.012131
-9.036393
14.056611
7.229114
-12.249332
8.433967
11.847715
-9.638819
-6.225070
15.663081
-5.020218
-14.056611
15.663081
3.413749
-13.654994
5.020218
11.245289
-14.659038
-6.425879
13.855803
-5.221027
-10.843672
16.466316
5.221027
-11.044480
3.212940
12.249332
-12.650950
-5.421836
15.663081
-3.212940
-16.466316
15.863890
0.803235
-14.859846
2.208896
9.438010
-16.064699
-6.225070
13.454185
-2.610513
-12.048524
15.863890
2.610513
-14.659038
0.803235
9.839628
-13.855803
-7.229114
17.068743
-5.020218
-10.843672
11.646906
3.815366
-17.871977
5.020218
9.438010
-11.245289
-6.626688
16.466316
-4.216983
-10.843672
13.855803
5.221027
-16.466316
2.008087
10.241245
-14.859846
-5.823453
14.659038
-5.020218
-14.659038
11.847715
0.803235
-18.273594
1.807279
8.634775
-15.462273
-5.823453
12.048524
-7.028306
-16.466316
10.442054
1.606470
-16.867933
2.409705
8.032350
-14.859846
-7.429923
13.855803
-6.425879
-16.466316
11.847715
0.401617
-14.257420
6.024262
12.851759
-10.642862
-4.618601
15.863890
-7.229114
-11.646906
10.642862
4.016175
-17.269550
4.216983
11.245289
-14.056611
-5.221027
14.859846
-7.429923
-13.253376
11.847715
2.409705
-16.466316
3.815366
11.446097
-11.847715
-5.020218
15.462273
-5.823453
-15.060655
13.052567
1.606470
-14.458228
4.417792
12.650950
-11.044480
-3.212940
15.261463
-4.216983
-16.064699
11.847715
0.602426
-15.462273
5.020218
12.650950
-12.650950
-4.016175
14.859846
-2.811322
-12.249332
15.060655
4.216983
-19.076830
7.429923
6.626688
-10.040437
-8.634775
14.859846
-7.028306
-13.855803
12.048524
3.614557
-17.470360
5.221027
10.241245
-14.659038
-6.626688
11.044480
-6.626688
-13.654994
12.450141
6.626688
-17.470360
5.823453
7.831541
-12.450141
-8.032350
17.470360
-7.028306
-14.458228
13.454185
-0.602426
-15.863890
2.811322
11.446097
-12.450141
-3.815366
16.265507
-3.614557
-14.257420
14.458228
1.606470
-15.462273
4.016175
9.839628
-15.863890
-7.028306
13.052567
-6.827497
-14.859846
14.859846
1.606470
-12.851759
7.429923
10.642862
-12.851759
-3.614557
14.859846
-5.421836
-14.458228
9.638819
4.016175
-17.470360
8.032350
11.245289
-13.454185
-4.016175
14.659038
-2.610513
-13.253376
16.265507
2.811322
-13.052567
5.823453
12.249332
-10.241245
-5.823453
16.667124
-3.614557
-13.052567
14.257420
1.405661
-16.466316
7.028306
11.245289
-9.438010
-5.622644
15.060655
-5.823453
-12.450141
15.863890
6.425879
-12.450141
8.032350
12.048524
-11.847715
-4.618601
14.257420
-6.827497
-13.052567
12.048524
5.421836
-15.462273
9.638819
12.650950
-12.048524
-4.618601
14.859846
-5.020218
-11.245289
14.257420
1.606470
-14.458228
5.020218
12.249332
-10.843672
-3.212940
18.675213
-3.815366
-11.646906
13.253376
2.811322
-15.462273
8.634775
11.446097
-11.245289
-6.024262
14.056611
-7.229114
-10.843672
14.257420
5.823453
-14.659038
4.618601
10.241245
-15.462273
-4.819409
12.450141
-4.819409
-15.060655
14.257420
4.216983
-14.859846
6.024262
10.442054
-12.851759
-5.421836
17.470360
-5.221027
-10.241245
15.261463
3.212940
-14.257420
4.417792
7.229114
-12.851759
-6.425879
15.060655
-4.417792
-12.650950
16.667124
4.618601
-15.462273
4.819409
6.425879
-13.654994
-4.016175
18.876020
-1.807279
-10.040437
15.462273
4.819409
-17.470360
8.433967
11.044480
-11.847715
-3.614557
16.667124
-7.429923
-10.040437
11.847715
6.225070
-17.068743
7.028306
9.638819
-13.253376
-5.221027
16.064699
-6.827497
-13.454185
11.446097
0.803235
-15.863890
3.815366
8.433967
-15.060655
-7.429923
12.851759
-5.020218
-13.253376
16.867933
5.421836
-13.454185
6.225070
9.638819
-13.253376
-6.225070
18.474403
-6.425879
-12.048524
13.052567
2.811322
-15.663081
9.237202
13.855803
-10.040437
-1.606470
16.265507
-5.421836
-13.855803
11.646906
2.208896
-14.458228
8.634775
13.654994
-11.044480
-2.610513
15.663081
-2.409705
-12.851759
13.855803
3.012131
-15.462273
8.634775
10.442054
-11.646906
-6.626688
13.454185
-6.024262
-12.450141
15.060655
2.811322
-13.855803
7.028306
11.646906
-9.438010
-5.020218
16.466316
-6.024262
-11.044480
16.667124
3.413749
-16.064699
5.823453
7.229114
-13.654994
-4.417792
12.851759
-6.225070
-11.245289
14.257420
1.606470
-14.458228
3.413749
9.638819
-13.253376
-6.225070
13.454185
-8.032350
-12.851759
15.663081
6.225070
-11.847715
8.433967
12.048524
-9.638819
-1.606470
19.277637
-5.020218
-11.245289
12.450141
1.807279
-15.261463
6.827497
10.642862
-12.851759
-5.622644
13.855803
-8.032350
-11.646906
11.646906
2.208896
-16.466316
7.028306
10.442054
-12.450141
-1.606470
15.863890
-4.618601
-8.634775
17.068743
5.622644
-13.052567
6.827497
10.040437
-12.650950
-2.811322
16.667124
-5.221027
-12.048524
13.855803
2.008087
-17.068743
6.425879
9.036393
-13.454185
-4.417792
15.060655
-7.429923
-11.646906
13.454185
3.012131
-14.056611
7.831541
12.650950
-11.847715
-1.204852
13.052567
-7.028306
-12.450141
12.650950
5.622644
-15.060655
8.233158
10.040437
-11.044480
-4.216983
18.474403
-5.020218
-12.249332
12.851759
0.803235
-17.871977
6.626688
9.839628
-12.650950
-3.212940
13.253376
-4.216983
-13.654994
13.855803
3.212940
-17.068743
8.032350
10.241245
-10.442054
-4.016175
17.269550
-5.823453
-11.446097
13.855803
1.405661
-19.076830
4.216983
6.827497
-15.462273
-3.212940
12.048524
-5.823453
-13.654994
14.458228
4.016175
-14.257420
9.036393
7.429923
-11.847715
-6.225070
15.060655
-7.028306
-10.442054
12.450141
3.012131
-13.855803
7.831541
13.855803
-11.446097
-3.413749
13.253376
-5.020218
-13.253376
17.470360
2.409705
-14.859846
8.433967
9.036393
-10.843672
-1.807279
15.261463
-5.020218
-11.646906
15.261463
4.016175
-13.654994
8.634775
12.249332
-12.450141
-3.212940
14.859846
-6.225070
-14.859846
15.261463
0.401617
-16.265507
6.425879
9.036393
-13.654994
-4.016175
17.871977
-5.622644
-9.438010
14.458228
3.815366
-14.659038
11.646906
11.847715
-8.032350
-2.208896
15.060655
-8.032350
-13.454185
14.458228
3.413749
-14.458228
7.229114
9.438010
-12.650950
-1.004044
17.269550
-3.212940
-10.442054
14.859846
4.216983
-16.064699
9.237202
10.040437
-14.056611
-3.614557
13.654994
-6.626688
-10.843672
14.859846
2.811322
-15.863890
6.024262
8.835584
-14.257420
-1.405661
13.654994
-4.016175
-11.646906
13.454185
1.405661
-16.064699
5.020218
11.245289
-13.052567
-3.413749
15.462273
-5.421836
-11.044480
18.072786
2.610513
-15.663081
7.429923
9.438010
-11.646906
-0.401617
14.659038
-6.425879
-13.855803
12.851759
1.405661
-15.060655
7.429923
9.638819
-12.851759
-4.016175
14.859846
-6.827497
-14.659038
10.642862
-2.811322
-18.675213
5.622644
11.044480
-10.241245
-1.606470
16.064699
-6.425879
-12.249332
15.261463
5.020218
-13.855803
8.835584
8.433967
-13.654994
-4.216983
11.847715
-3.614557
-16.867933
14.659038
-2.811322
-19.679256
7.630732
8.032350
-10.642862
-4.216983
12.450141
-7.429923
-13.253376
14.056611
-1.204852
-16.466316
6.626688
10.843672
-10.843672
-3.212940
14.056611
-7.831541
-13.253376
13.654994
0.602426
-15.462273
8.032350
10.241245
-13.052567
-2.610513
12.851759
-4.216983
-12.650950
15.663081
1.204852
-16.064699
5.823453
7.429923
-14.257420
-7.229114
15.060655
-10.040437
-12.851759
12.851759
1.204852
-13.253376
8.433967
10.040437
-15.462273
-6.425879
12.851759
-7.028306
-11.044480
17.269550
2.409705
-14.056611
9.638819
10.040437
-12.249332
-2.811322
15.663081
-6.827497
-9.839628
14.859846
2.409705
-13.654994
10.040437
10.642862
-11.446097
-1.807279
14.458228
-6.225070
-11.245289
14.056611
2.610513
-16.867933
6.827497
8.634775
-14.257420
-2.208896
16.466316
-8.032350
-8.634775
14.056611
2.811322
-16.064699
6.425879
9.036393
-13.052567
-1.807279
16.265507
-4.016175
-10.642862
15.863890
0.602426
-17.470360
8.433967
6.827497
-13.253376
-5.020218
11.245289
-6.024262
-12.851759
14.056611
3.012131
-16.667124
8.233158
10.442054
-13.052567
-1.606470
16.466316
-5.622644
-12.048524
14.859846
0.000000
-15.261463
5.823453
12.249332
-13.855803
-0.200809
13.052567
-8.634775
-14.859846
12.851759
2.811322
-16.466316
8.233158
8.835584
-14.859846
-3.815366
13.253376
-8.634775
-15.060655
13.052567
0.401617
-16.867933
9.036393
7.229114
-14.859846
-6.225070
13.654994
-10.040437
-14.056611
12.650950
0.200809
-13.654994
10.442054
12.450141
-12.851759
-0.803235
16.265507
-5.622644
-10.642862
13.052567
0.401617
-17.068743
8.433967
9.638819
-15.261463
-2.409705
13.454185
-10.241245
-13.654994
13.253376
-0.602426
-12.851759
8.233158
10.642862
-14.458228
-2.409705
12.450141
-7.630732
-15.261463
13.454185
0.000000
-16.667124
6.425879
7.630732
-14.659038
-2.811322
15.462273
-6.827497
-9.839628
15.462273
3.413749
-14.056611
9.036393
6.626688
-14.659038
-7.028306
11.646906
-8.835584
-13.454185
14.257420
0.803235
-15.261463
9.438010
7.831541
-12.650950
-3.212940
13.052567
-6.827497
-12.048524
16.667124
2.610513
-12.851759
9.237202
8.634775
-14.458228
-3.212940
14.056611
-6.425879
-10.843672
14.859846
-0.200809
-16.265507
4.016175
12.650950
-15.863890
0.200809
13.855803
-7.630732
-9.839628
15.863890
4.216983
-15.060655
6.827497
9.036393
-16.265507
-0.602426
14.659038
-4.417792
-8.032350
17.269550
2.811322
-14.257420
9.237202
9.839628
-10.241245
-1.204852
15.261463
-6.024262
-10.843672
15.261463
2.811322
-17.068743
8.433967
7.429923
-13.052567
-2.008087
16.265507
-4.819409
-11.044480
17.269550
1.606470
-15.863890
9.036393
10.241245
-13.454185
0.401617
15.663081
-5.421836
-10.040437
15.663081
2.409705
-13.052567
7.028306
12.650950
-10.241245
2.610513
20.281681
-3.614557
-11.044480
16.667124
0.602426
-11.847715
10.442054
11.044480
-10.442054
0.401617
14.458228
-6.024262
-10.843672
16.667124
3.012131
-13.855803
8.233158
7.630732
-12.048524
-1.606470
15.863890
-4.216983
-12.249332
17.671167
0.803235
-14.659038
10.442054
13.855803
-8.835584
4.016175
17.470360
-4.618601
-11.446097
14.056611
3.212940
-14.859846
10.843672
13.253376
-12.650950
0.602426
14.257420
-4.417792
-12.048524
19.679256
2.208896
-11.847715
7.831541
11.044480
-14.659038
-1.004044
13.855803
-6.024262
-13.454185
15.060655
1.606470
-17.068743
6.024262
7.630732
-16.667124
-3.815366
14.458228
-7.229114
-9.638819
18.474403
6.024262
-7.831541
13.253376
13.253376
-11.446097
-1.405661
16.265507
-6.225070
-8.634775
16.064699
3.212940
-13.654994
8.233158
11.847715
-15.261463
-1.606470
15.462273
-6.827497
-10.040437
19.880064
2.409705
-14.056611
8.433967
8.433967
-13.253376
0.200809
17.068743
-8.233158
-9.638819
15.462273
0.200809
-14.659038
7.229114
7.229114
-14.859846
-3.012131
14.659038
-9.237202
-10.843672
14.859846
0.602426
-17.871977
6.827497
6.827497
-16.265507
-1.807279
16.466316
-6.225070
-6.225070
18.072786
4.216983
-14.056611
7.831541
9.036393
-14.257420
1.807279
16.867933
-4.819409
-8.634775
14.257420
4.016175
-14.859846
12.048524
11.044480
-11.044480
-1.405661
16.265507
-10.040437
-10.642862
13.654994
0.200809
-15.663081
8.634775
9.036393
-14.659038
-0.602426
12.851759
-5.823453
-12.851759
16.466316
-0.200809
-16.064699
7.630732
5.823453
-16.064699
-3.614557
14.458228
-12.450141
-14.458228
15.060655
-2.409705
-14.056611
9.237202
4.417792
-15.060655
-2.208896
14.257420
-5.823453
-10.442054
16.667124
0.000000
-16.466316
9.438010
5.421836
-14.257420
-1.004044
12.048524
-6.024262
-13.454185
12.450141
0.200809
-18.474403
10.843672
5.421836
-14.056611
-3.413749
13.855803
-7.831541
-10.442054
17.068743
1.004044
-15.462273
11.245289
7.630732
-12.450141
-0.602426
15.261463
-7.429923
-10.843672
14.859846
-2.208896
-18.072786
8.433967
8.433967
-16.265507
0.200809
11.847715
-9.438010
-9.839628
15.060655
-0.602426
-16.265507
10.843672
9.036393
-13.654994
1.004044
14.458228
-6.626688
-8.233158
17.671167
1.004044
-13.253376
12.851759
13.253376
-10.843672
3.012131
13.454185
-7.429923
-8.835584
15.462273
2.610513
-15.663081
11.044480
8.835584
-14.257420
-1.606470
10.843672
-11.446097
-12.851759
12.249332
-3.212940
-19.478447
4.417792
2.811322
-17.871977
-7.028306
9.638819
-14.458228
-15.060655
9.638819
-1.405661
-20.080873
6.827497
5.823453
-14.458228
-3.413749
12.450141
-11.847715
-16.466316
12.048524
-5.221027
-19.076830
6.024262
5.221027
-14.859846
-4.016175
10.642862
-11.847715
-14.659038
11.044480
-0.803235
-18.072786
10.442054
5.421836
-12.650950
-5.622644
12.450141
-10.040437
-13.855803
11.847715
-1.004044
-17.068743
9.839628
8.433967
-12.650950
-3.212940
15.060655
-10.241245
-10.843672
11.646906
1.204852
-16.265507
9.839628
8.233158
-15.462273
-5.823453
12.048524
-9.839628
-14.056611
15.863890
-0.200809
-14.659038
9.438010
7.229114
-14.859846
-4.016175
11.847715
-8.634775
-13.052567
12.650950
-0.200809
-19.478447
7.028306
5.421836
-16.064699
-5.221027
11.245289
-13.253376
-11.847715
12.851759
3.012131
-14.056611
8.032350
9.438010
-13.855803
-3.012131
16.466316
-9.237202
-11.245289
14.859846
1.807279
-14.859846
9.839628
10.843672
-11.044480
0.401617
17.269550
-8.835584
-11.847715
13.855803
1.606470
-16.466316
10.040437
10.442054
-12.048524
0.602426
14.458228
-7.630732
-11.044480
17.470360
5.221027
-14.056611
8.634775
7.630732
-15.261463
0.000000
18.273594
-5.823453
-7.831541
17.671167
5.622644
-11.245289
12.048524
9.237202
-14.257420
-2.610513
13.654994
-10.642862
-14.257420
14.659038
1.606470
-12.249332
11.646906
9.638819
-14.458228
-2.811322
12.851759
-8.634775
-11.646906
12.650950
1.606470
-16.466316
8.032350
11.847715
-16.867933
-1.004044
11.446097
-8.233158
-11.646906
13.654994
3.212940
-17.671167
9.237202
8.634775
-13.253376
-3.614557
17.068743
-8.233158
-13.052567
13.855803
-1.807279
-18.273594
10.843672
11.245289
-11.847715
-1.004044
13.855803
-8.233158
-12.650950
15.863890
0.803235
-14.257420
11.245289
12.450141
-11.245289
-0.200809
15.060655
-5.823453
-11.847715
16.667124
-0.401617
-17.068743
7.630732
9.237202
-12.249332
-1.204852
17.470360
-7.028306
-11.446097
13.654994
1.405661
-14.859846
11.044480
10.843672
-14.056611
-2.610513
15.663081
-5.421836
-8.433967
17.269550
2.811322
-14.458228
10.843672
10.843672
-11.847715
0.000000
15.060655
-6.827497
-11.446097
14.458228
1.204852
-16.867933
12.650950
9.237202
-10.442054
-2.409705
15.462273
-7.429923
-9.438010
14.458228
3.614557
-18.675213
12.851759
8.835584
-10.442054
0.200809
18.072786
-5.020218
-8.032350
14.056611
4.016175
-14.859846
12.450141
13.052567
-12.851759
0.602426
15.060655
-7.229114
-10.442054
16.867933
2.811322
-12.249332
10.843672
9.839628
-14.257420
-2.409705
17.269550
-7.429923
-8.233158
11.847715
-0.602426
-17.470360
9.237202
12.048524
-11.245289
-0.602426
16.466316
-9.839628
-11.245289
15.060655
3.012131
-13.855803
13.855803
9.438010
-13.654994
-0.200809
15.663081
-6.626688
-7.831541
16.466316
1.204852
-13.654994
7.429923
10.241245
-13.454185
-1.004044
16.466316
-6.225070
-10.442054
16.466316
1.807279
-16.265507
11.446097
6.425879
-14.659038
-4.216983
15.060655
-9.237202
-7.429923
17.068743
3.012131
-12.650950
9.237202
12.249332
-11.245289
0.803235
17.269550
-7.630732
-12.249332
17.068743
1.606470
-13.654994
10.642862
11.446097
-13.454185
0.602426
14.257420
-10.241245
-10.843672
13.253376
2.008087
-12.650950
8.233158
10.642862
-15.060655
0.803235
15.261463
-5.622644
-9.638819
15.462273
1.807279
-13.654994
12.048524
9.839628
-13.855803
-2.610513
14.056611
-10.642862
-10.843672
11.847715
-0.200809
-18.072786
10.442054
8.032350
-12.048524
-0.803235
15.663081
-8.032350
-11.446097
11.446097
-0.803235
-18.675213
8.433967
9.839628
-13.253376
-0.602426
15.663081
-6.425879
-10.843672
16.466316
0.200809
-15.261463
7.630732
8.835584
-15.863890
0.401617
13.654994
-6.827497
-10.442054
16.667124
2.208896
-13.253376
10.442054
8.433967
-13.052567
-0.602426
16.867933
-9.438010
-10.642862
12.450141
-1.004044
-14.257420
11.245289
10.843672
-12.249332
0.200809
17.068743
-6.827497
-5.421836
15.663081
3.413749
-13.855803
11.446097
11.646906
-10.241245
1.405661
18.273594
-5.421836
-7.429923
16.466316
0.602426
-17.671167
8.233158
7.429923
-15.060655
-2.208896
16.466316
-8.032350
-7.429923
17.068743
2.409705
-16.064699
8.233158
8.835584
-14.859846
-0.200809
17.269550
-7.831541
-11.446097
15.261463
0.803235
-15.663081
10.241245
8.433967
-12.048524
0.401617
18.072786
-9.438010
-12.450141
13.855803
-0.200809
-13.052567
12.249332
10.642862
-12.851759
-0.602426
11.847715
-7.028306
-14.659038
16.265507
-0.803235
-17.068743
9.638819
10.040437
-15.462273
0.401617
15.060655
-8.433967
-9.638819
15.462273
1.004044
-12.650950
12.650950
11.245289
-15.060655
-2.008087
13.855803
-7.229114
-9.036393
16.667124
0.803235
-15.863890
9.237202
8.433967
-13.654994
2.409705
16.265507
-7.229114
-10.040437
12.650950
-1.004044
-15.863890
8.433967
9.638819
-15.261463
-0.200809
15.060655
-7.229114
-9.036393
15.060655
0.401617
-14.458228
10.843672
10.241245
-12.650950
-1.606470
13.654994
-7.229114
-12.249332
15.462273
0.602426
-17.671167
8.032350
8.032350
-14.458228
-1.405661
18.072786
-7.429923
-11.044480
15.060655
0.000000
-15.261463
10.642862
8.835584
-13.654994
-2.409705
16.667124
-10.241245
-12.048524
14.257420
0.803235
-15.663081
12.048524
10.040437
-15.060655
3.212940
14.859846
-6.425879
-9.638819
13.654994
-2.008087
-18.675213
8.835584
9.036393
-13.855803
0.200809
13.654994
-10.241245
-9.237202
15.863890
1.204852
-13.052567
8.233158
9.036393
-13.855803
1.606470
14.659038
-7.630732
