-17.068743
1.204852
0.000000
0.000000
0.000000
0.000000
0.000000
0.000000
0.000000
0.000000
0.000000
0.000000
0.000000
0.000000
0.000000
0.000000
0.000000
0.000000
0.000000
0.000000
0.000000
0.000000
0.000000
0.000000
0.000000
0.000000
0.000000
0.000000
0.000000
0.000000
0.000000
0.000000
0.000000
0.000000
0.000000
0.000000
0.000000
0.000000
0.000000
0.000000
0.000000
0.000000
0.000000
0.000000
0.000000
0.000000
0.000000
0.000000
0.000000
0.000000
0.000000
0.000000
0.000000
0.000000
0.000000
0.000000
0.000000
0.000000
0.000000
0.000000
0.000000
0.000000
0.000000
0.000000
0.000000
0.000000
0.000000
0.000000
0.000000
0.000000
0.000000
0.000000
0.000000
0.000000
0.000000
0.000000
0.000000
0.000000
0.000000
0.000000
0.000000
0.000000
0.000000
0.000000
0.000000
0.000000
0.000000
0.000000
0.000000
0.000000
0.000000
0.000000
0.000000
0.000000
0.000000
0.000000
0.000000
0.000000
0.000000
0.000000
0.000000
0.000000
0.000000
0.000000
0.000000
0.000000
0.000000
0.000000
0.000000
0.000000
0.000000
0.000000
0.000000
0.000000
0.000000
0.000000
0.000000
0.000000
0.000000
0.000000
0.000000
0.000000
0.000000
0.000000
0.000000
0.000000
0.000000
0.000000
0.000000
0.000000
0.000000
0.000000
0.000000
0.000000
0.000000
0.000000
0.000000
0.000000
0.000000
0.000000
0.000000
0.000000
0.000000
0.000000
0.000000
0.000000
0.000000
0.000000
0.000000
0.000000
0.000000
0.000000
0.000000
0.000000
0.000000
0.000000
0.000000
0.000000
0.000000
0.000000
0.000000
0.000000
0.000000
0.000000
0.000000
0.000000
0.000000
0.000000
0.000000
0.000000
0.000000
0.000000
0.000000
0.000000
0.000000
0.000000
0.000000
0.000000
0.000000
0.000000
0.000000
0.000000
0.000000
0.000000
0.000000
0.000000
0.000000
0.000000
0.000000
0.000000
0.000000
0.000000
0.000000
0.000000
0.000000
0.000000
0.000000
0.000000
0.000000
0.000000
0.000000
0.000000
15.863890
-11.847715
-4.216983
14.859846
-5.622644
-15.060655
9.839628
3.614557
-19.076830
2.811322
14.056611
-13.454185
-6.425879
15.462273
-3.815366
-14.458228
15.863890
5.020218
-16.667124
3.815366
13.855803
-12.650950
-3.815366
15.261463
-4.618601
-17.269550
13.654994
4.016175
-15.060655
6.225070
16.466316
-12.450141
-4.216983
14.659038
-6.024262
-17.068743
12.249332
4.016175
-16.667124
3.815366
10.241245
-16.466316
-8.433967
16.064699
-4.618601
-10.241245
13.052567
4.618601
-19.478447
1.204852
10.843672
-15.663081
-6.827497
14.859846
-9.036393
-13.855803
10.843672
4.417792
-18.072786
4.417792
12.851759
-12.450141
-5.622644
16.466316
-7.229114
-10.642862
15.663081
9.036393
-14.056611
4.618601
10.642862
-17.269550
-6.225070
15.462273
-4.417792
-9.237202
12.048524
3.413749
-17.871977
0.602426
12.249332
-13.855803
-6.024262
16.064699
-6.024262
-12.450141
12.650950
6.626688
-16.064699
3.815366
13.052567
-16.466316
-5.020218
16.466316
-5.622644
-12.249332
11.847715
4.819409
-16.466316
3.815366
11.245289
-14.859846
-4.819409
19.277637
-3.413749
-12.851759
13.855803
6.024262
-16.265507
6.626688
13.454185
-13.454185
-3.614557
16.265507
-5.221027
-17.470360
10.241245
2.008087
-18.072786
3.413749
15.462273
-13.855803
-0.803235
17.470360
-2.610513
-14.859846
10.843672
2.610513
-19.679256
4.016175
12.650950
-14.458228
-5.823453
16.667124
-6.827497
-14.659038
13.253376
5.020218
-16.466316
7.429923
13.454185
-12.048524
-3.012131
19.478447
-4.016175
-12.650950
12.450141
3.413749
-16.867933
6.024262
13.654994
-12.851759
-3.212940
18.474403
-2.811322
-10.241245
13.253376
6.225070
-16.867933
6.225070
11.044480
-15.462273
-6.626688
14.859846
-3.413749
-15.060655
12.048524
1.807279
-19.478447
5.020218
13.052567
-15.261463
-5.221027
14.659038
-7.429923
-14.659038
12.048524
6.425879
-17.068743
8.835584
14.859846
-16.667124
-5.823453
13.253376
-8.032350
-13.654994
11.446097
2.610513
-18.675213
7.229114
13.454185
-8.634775
-3.614557
19.880064
-5.622644
-11.446097
12.048524
4.819409
-16.667124
8.433967
16.466316
-12.048524
-3.212940
14.659038
-8.233158
-14.257420
10.442054
5.622644
-18.273594
5.421836
11.847715
-17.470360
-8.233158
13.454185
-8.433967
-12.851759
12.851759
4.618601
-20.482491
3.815366
9.839628
-12.650950
-4.016175
18.474403
-4.819409
-13.052567
14.056611
4.417792
-18.474403
5.823453
13.052567
-13.052567
-2.409705
18.072786
-4.819409
-11.044480
15.863890
5.421836
-15.663081
5.221027
13.855803
-12.048524
-0.803235
21.285725
-2.409705
-9.638819
14.458228
5.622644
-19.478447
5.823453
14.056611
-14.458228
0.200809
16.867933
-4.417792
-14.659038
13.855803
3.815366
-15.663081
6.827497
14.458228
-14.257420
-3.212940
16.867933
-5.622644
-12.048524
13.654994
5.020218
-16.064699
5.823453
13.253376
-15.261463
-2.409705
14.659038
-5.622644
-13.654994
13.253376
3.815366
-16.867933
7.028306
13.855803
-13.052567
-0.803235
16.867933
-4.216983
-13.454185
15.261463
1.606470
-14.056611
7.229114
15.261463
-10.642862
-1.405661
18.876020
-3.413749
-12.048524
15.462273
4.216983
-15.663081
7.229114
14.257420
-13.855803
-2.811322
16.667124
-6.626688
-12.650950
13.855803
2.409705
-15.060655
6.225070
14.056611
-15.863890
-3.413749
13.855803
-8.032350
-12.650950
12.650950
3.012131
-15.663081
7.630732
12.650950
-13.052567
-6.827497
16.466316
-8.233158
-10.442054
16.867933
6.425879
-13.052567
6.425879
11.044480
-16.265507
-8.032350
16.064699
-9.638819
-10.642862
13.052567
1.807279
-17.470360
4.016175
11.245289
-13.855803
-6.425879
15.261463
-9.036393
-13.654994
12.450141
1.405661
-18.474403
7.028306
12.450141
-11.646906
-3.413749
19.076830
-4.417792
-8.835584
16.265507
7.229114
-18.474403
4.016175
7.831541
-15.462273
-3.413749
19.076830
-2.811322
-10.642862
16.466316
6.827497
-17.068743
6.425879
11.446097
-15.863890
-6.024262
13.855803
-9.036393
-12.851759
12.249332
2.610513
-18.675213
4.819409
10.442054
-14.859846
-4.216983
16.265507
-7.429923
-10.642862
13.052567
3.614557
-17.470360
5.020218
10.642862
-16.064699
-2.610513
16.667124
-5.622644
-12.048524
14.056611
1.204852
-17.269550
3.614557
11.446097
-15.462273
-4.216983
19.277637
-6.827497
-12.450141
12.450141
0.803235
-20.281681
8.634775
12.048524
-10.442054
-2.008087
17.671167
-6.827497
-16.265507
11.044480
1.004044
-19.478447
8.233158
12.048524
-13.654994
-1.606470
16.667124
-7.630732
-11.446097
14.257420
7.630732
-12.450141
12.450141
17.068743
-16.265507
-0.602426
12.650950
-5.622644
-11.847715
19.076830
3.212940
-13.855803
8.433967
11.847715
-13.253376
-1.405661
15.663081
-4.618601
-11.044480
14.257420
3.413749
-13.654994
7.630732
14.257420
-13.855803
-4.417792
16.466316
-7.429923
-12.249332
15.060655
3.413749
-17.068743
8.032350
10.843672
-15.462273
-4.618601
14.056611
-10.241245
-12.851759
13.855803
3.815366
-16.867933
9.237202
9.839628
-12.048524
-3.614557
18.474403
-6.425879
-9.036393
14.458228
2.610513
-17.470360
3.212940
11.044480
-14.859846
-2.409705
17.269550
-5.622644
-13.454185
14.257420
3.614557
-17.871977
8.433967
9.839628
-16.265507
-4.819409
17.470360
-5.823453
-8.032350
17.470360
6.425879
-15.060655
9.237202
13.052567
-14.659038
-1.807279
16.265507
-8.032350
-10.843672
15.060655
6.626688
-18.474403
6.024262
10.040437
-16.265507
-2.811322
17.871977
-6.225070
-10.642862
17.068743
5.221027
-16.667124
7.429923
11.044480
-13.454185
-3.212940
19.277637
-5.823453
-10.843672
16.667124
3.212940
-17.269550
6.425879
14.056611
-13.654994
-2.610513
18.474403
-7.831541
-11.446097
15.462273
4.216983
-18.474403
6.626688
13.052567
-14.458228
-2.811322
17.269550
-9.036393
-12.450141
12.249332
4.216983
-19.880064
6.225070
12.851759
-17.068743
-1.807279
15.462273
-6.225070
-14.056611
15.060655
5.020218
-20.482491
9.438010
11.044480
-15.663081
-2.008087
18.675213
-5.421836
-9.438010
16.265507
4.417792
-16.265507
4.618601
15.060655
-16.667124
-1.807279
17.470360
-7.028306
-12.249332
16.064699
7.229114
-15.663081
10.241245
15.060655
-13.654994
-1.004044
19.076830
-5.221027
-12.650950
15.663081
3.815366
-16.867933
6.626688
15.462273
-15.863890
-3.413749
18.876020
-7.028306
-11.446097
18.273594
2.008087
-17.068743
6.024262
9.638819
-16.867933
-3.012131
17.871977
-5.823453
-7.831541
13.454185
4.216983
-19.478447
5.823453
13.454185
-16.466316
-2.610513
15.462273
-8.032350
-15.060655
12.249332
0.200809
-20.482491
5.421836
11.446097
-16.064699
-5.622644
17.068743
-8.433967
-13.253376
14.859846
4.216983
-16.466316
7.831541
15.261463
-18.072786
-5.823453
16.265507
-9.839628
-10.843672
17.068743
5.823453
-16.265507
8.634775
12.650950
-15.863890
-4.016175
17.871977
-8.032350
-14.257420
13.253376
1.204852
-19.880064
7.630732
13.654994
-17.470360
-3.212940
15.462273
-11.044480
-12.650950
13.654994
3.614557
-18.072786
8.032350
12.048524
-16.064699
-2.208896
16.265507
-7.429923
-13.454185
15.863890
4.618601
-17.671167
7.429923
12.650950
-17.671167
-3.212940
19.076830
-9.036393
-9.638819
13.855803
2.208896
-18.675213
6.024262
11.245289
-13.454185
-3.212940
17.671167
-6.425879
-11.044480
15.261463
5.421836
-19.679256
7.229114
8.032350
-14.056611
-3.815366
18.675213
-7.831541
-13.052567
12.851759
2.409705
-18.072786
7.831541
13.253376
-13.654994
-1.405661
20.482491
-8.634775
-9.438010
14.056611
6.626688
-18.273594
9.036393
11.847715
-16.064699
-1.807279
16.867933
-8.233158
-9.638819
18.072786
5.421836
-12.450141
9.036393
16.466316
-12.048524
1.004044
18.072786
-5.622644
-12.450141
15.663081
3.212940
-17.470360
10.442054
12.650950
-13.454185
-2.610513
17.470360
-9.638819
-12.650950
14.458228
2.811322
-14.257420
11.245289
14.659038
-11.446097
-3.815366
18.072786
-6.827497
-11.847715
16.466316
5.020218
-19.679256
11.044480
10.642862
-14.458228
-4.618601
15.863890
-11.446097
-12.450141
13.654994
4.819409
-15.462273
10.241245
11.847715
-14.458228
-6.024262
16.265507
-9.036393
-13.454185
17.671167
2.610513
-14.257420
6.626688
12.650950
-17.671167
-2.811322
15.863890
-7.630732
-13.253376
16.466316
3.815366
-14.056611
9.438010
14.056611
-16.667124
-5.622644
15.462273
-10.843672
-12.249332
14.458228
3.212940
-17.671167
7.229114
10.241245
-18.273594
-6.626688
14.659038
-12.249332
-12.450141
12.249332
0.803235
-20.080873
5.221027
10.442054
-17.269550
-5.421836
14.056611
-11.446097
-13.454185
13.654994
1.204852
-20.080873
6.024262
9.237202
-14.859846
-1.204852
19.076830
-6.827497
-11.044480
15.462273
0.401617
-15.663081
4.618601
12.851759
-18.072786
-3.614557
17.269550
-10.843672
-12.450141
14.257420
0.000000
-17.269550
6.626688
11.044480
-17.269550
-4.016175
16.867933
-8.233158
-11.245289
15.261463
2.008087
-18.474403
7.831541
10.442054
-14.458228
-3.212940
18.876020
-7.028306
-10.642862
14.859846
3.012131
-20.482491
6.827497
9.438010
-16.466316
-2.610513
18.675213
-8.433967
-11.044480
15.261463
4.417792
-16.064699
9.438010
13.253376
-18.675213
0.000000
13.454185
-6.626688
-15.060655
15.261463
0.803235
-17.671167
7.028306
12.650950
-17.470360
-2.610513
16.064699
-11.044480
-13.454185
11.847715
1.004044
-17.068743
7.229114
15.663081
-17.269550
-2.610513
14.659038
-9.438010
-14.257420
17.671167
0.602426
-18.474403
7.630732
8.233158
-16.466316
-5.421836
17.871977
-9.237202
-10.442054
16.265507
4.216983
-18.474403
8.835584
10.442054
-16.265507
-3.815366
15.863890
-12.249332
-14.056611
13.052567
0.803235
-19.277637
9.839628
10.442054
-13.654994
-0.803235
16.667124
-9.638819
-10.843672
14.859846
2.409705
-18.675213
5.221027
13.052567
-17.671167
0.000000
17.068743
-10.241245
-11.044480
14.659038
4.618601
-17.671167
10.241245
11.245289
-14.257420
-2.610513
18.273594
-6.827497
-13.253376
16.867933
3.614557
-17.470360
9.839628
10.442054
-16.667124
-1.606470
17.068743
-5.823453
-12.249332
15.863890
2.208896
-16.466316
10.040437
15.060655
-13.855803
0.803235
18.273594
-7.831541
-11.646906
14.056611
0.401617
-17.470360
6.225070
13.855803
-16.064699
1.204852
18.876020
-9.438010
-12.450141
14.257420
1.606470
-15.663081
9.036393
10.642862
-14.458228
-2.409705
18.474403
-7.028306
-10.241245
18.876020
3.012131
-16.064699
7.630732
10.843672
-16.265507
-0.401617
16.867933
-8.433967
-13.253376
14.659038
0.000000
-14.859846
8.835584
14.659038
-15.261463
-3.012131
16.466316
-12.048524
-11.646906
13.052567
2.610513
-19.277637
8.634775
12.650950
-16.265507
-1.606470
16.667124
-9.638819
-12.048524
17.671167
2.208896
-14.257420
10.040437
11.847715
-15.261463
-3.413749
13.253376
-9.638819
-13.855803
14.859846
2.409705
-17.068743
11.245289
13.654994
-16.265507
-3.212940
12.851759
-10.642862
-10.843672
19.277637
6.225070
-13.855803
11.245289
13.654994
-18.072786
-0.200809
16.867933
-8.634775
-11.646906
16.064699
-0.803235
-15.462273
7.630732
14.859846
-17.470360
-1.405661
15.663081
-10.241245
-12.249332
16.265507
1.004044
-17.470360
6.827497
9.237202
-16.667124
-4.016175
14.659038
-11.245289
-14.859846
13.253376
2.208896
-17.671167
11.646906
13.654994
-14.257420
-1.405661
16.265507
-9.237202
-12.450141
19.679256
1.405661
-15.663081
8.835584
11.446097
-16.064699
2.008087
20.080873
-5.823453
-9.036393
16.667124
1.004044
-18.876020
6.024262
10.843672
-15.462273
0.803235
20.080873
-7.630732
-9.438010
16.667124
4.618601
-16.667124
9.237202
11.646906
-16.064699
0.803235
16.667124
-9.237202
-13.654994
13.253376
1.204852
-16.667124
10.442054
11.446097
-14.659038
-1.405661
17.470360
-6.225070
-12.450141
16.466316
0.602426
-15.261463
12.048524
12.450141
-16.466316
-2.208896
13.052567
-10.642862
-12.249332
12.650950
0.200809
-16.064699
9.237202
10.040437
-15.060655
-4.618601
16.265507
-10.040437
-13.654994
13.253376
-0.803235
-17.671167
10.843672
15.060655
-13.052567
1.204852
18.273594
-6.425879
-8.835584
19.679256
2.208896
-15.663081
7.429923
10.843672
-16.064699
-0.602426
17.470360
-9.438010
-12.249332
14.659038
-1.004044
-15.863890
7.028306
10.642862
-17.068743
-0.803235
16.466316
-9.237202
-9.438010
16.064699
2.008087
-13.454185
11.646906
14.056611
-14.659038
-1.606470
16.667124
-9.839628
-9.237202
17.470360
2.008087
-16.667124
8.032350
10.241245
-18.273594
-2.208896
15.060655
-10.642862
-12.048524
15.462273
-1.004044
-17.269550
8.634775
11.446097
-15.060655
-1.004044
18.675213
-9.839628
-8.433967
14.056611
-0.200809
-16.466316
7.630732
14.056611
-15.863890
-0.401617
16.265507
-9.036393
-11.245289
18.876020
2.208896
-16.265507
8.032350
9.839628
-18.876020
-1.204852
16.466316
-10.040437
-10.040437
13.855803
2.811322
-18.273594
9.237202
11.847715
-18.072786
-0.200809
16.667124
-7.630732
-11.646906
17.671167
0.602426
-16.667124
8.433967
10.040437
-20.080873
-4.216983
13.454185
-13.052567
-11.044480
12.650950
0.602426
-18.474403
9.839628
12.851759
-14.458228
1.004044
14.659038
-9.237202
-13.253376
16.064699
0.401617
-14.257420
8.835584
12.249332
-13.855803
0.200809
20.482491
-8.032350
-10.843672
14.257420
1.204852
-18.273594
12.048524
10.642862
-16.064699
-0.200809
15.663081
-8.433967
-8.634775
16.265507
2.409705
-15.863890
11.245289
13.052567
-13.855803
1.004044
18.675213
-9.839628
-10.843672
15.060655
0.401617
-19.679256
9.638819
8.634775
-17.671167
-1.807279
15.663081
-10.442054
-11.245289
18.675213
1.807279
-14.257420
10.241245
12.650950
-15.863890
2.409705
17.871977
-6.425879
-9.237202
16.064699
-0.200809
-17.671167
10.241245
12.650950
-15.261463
-0.602426
15.863890
-10.040437
-8.835584
17.871977
3.012131
-15.060655
10.642862
13.052567
-16.867933
0.803235
16.466316
-11.446097
-10.642862
14.458228
0.200809
-15.462273
10.040437
11.446097
-16.867933
-2.008087
15.261463
-11.245289
-9.638819
14.257420
1.807279
-16.466316
9.438010
10.442054
-16.466316
-2.610513
17.671167
-10.040437
-10.442054
16.064699
1.405661
-15.863890
12.650950
11.044480
-17.068743
-0.602426
16.064699
-9.036393
-7.831541
15.663081
0.200809
-18.675213
7.429923
9.839628
-16.667124
0.000000
16.265507
-10.442054
-10.843672
15.863890
0.401617
-18.675213
6.024262
6.024262
-19.880064
-1.807279
17.671167
-7.630732
-8.835584
17.470360
1.004044
-16.667124
10.442054
13.654994
-15.261463
1.004044
15.462273
-10.642862
-11.245289
13.454185
3.212940
-21.084917
10.241245
5.823453
-21.084917
-0.803235
14.257420
-8.433967
-11.847715
13.654994
-1.204852
-17.671167
9.638819
7.630732
-16.667124
-1.204852
17.470360
-8.634775
-10.642862
15.261463
-0.803235
-18.072786
8.433967
9.237202
-16.867933
0.000000
17.269550
-10.642862
-9.438010
14.458228
2.811322
-17.269550
10.442054
10.040437
-17.871977
-0.602426
14.458228
-10.442054
-14.659038
16.064699
-3.212940
-17.871977
8.433967
9.839628
-14.458228
0.803235
16.667124
-12.650950
-13.654994
14.659038
-0.401617
-15.462273
12.450141
11.044480
-15.663081
1.405661
16.466316
-9.438010
-10.642862
16.867933
-0.200809
-14.859846
10.040437
10.642862
-15.863890
2.008087
17.269550
-8.032350
-9.237202
15.663081
0.401617
-16.064699
10.040437
11.245289
-18.072786
-1.405661
15.060655
-12.048524
-9.839628
17.871977
-1.606470
-13.253376
8.835584
11.446097
-17.871977
-0.803235
16.265507
-9.638819
-8.835584
17.671167
2.409705
-15.462273
11.446097
9.237202
-19.076830
-0.200809
13.654994
-10.843672
-12.249332
13.654994
0.803235
-17.269550
10.241245
11.446097
-18.072786
0.200809
16.867933
-10.241245
-8.634775
17.671167
1.004044
-16.667124
10.241245
8.835584
-17.068743
-1.405661
18.876020
-10.442054
-8.233158
14.056611
-2.610513
-19.880064
9.438010
12.249332
-16.867933
0.401617
15.663081
-12.650950
-11.446097
14.859846
-2.208896
-19.880064
9.438010
9.036393
-18.072786
0.602426
14.257420
-12.851759
-12.650950
15.663081
-2.811322
-18.675213
8.032350
8.634775
-15.060655
2.208896
19.277637
-10.442054
-8.835584
17.871977
0.401617
-15.663081
8.233158
8.835584
-18.675213
0.000000
16.667124
-12.650950
-10.040437
14.659038
-3.012131
-18.876020
9.237202
8.433967
-15.060655
0.200809
17.269550
-12.249332
-10.442054
13.654994
-1.807279
-20.281681
9.036393
8.835584
-17.871977
-1.405661
14.458228
-12.851759
-10.442054
16.867933
-0.602426
-14.859846
11.044480
12.048524
-15.663081
1.807279
13.052567
-11.646906
-14.458228
13.052567
-2.008087
-18.072786
10.241245
9.036393
-16.466316
1.606470
14.659038
-10.040437
-10.642862
14.659038
-0.200809
-17.068743
11.847715
10.843672
-15.060655
0.803235
15.261463
-11.847715
-10.843672
15.462273
-0.602426
-16.064699
10.442054
8.634775
-17.470360
-3.413749
19.277637
-13.052567
-7.630732
15.663081
-2.008087
-14.659038
11.044480
12.450141
-16.667124
-1.004044
15.863890
-13.654994
-8.433967
16.064699
2.208896
-13.253376
13.454185
11.446097
-15.462273
0.803235
17.068743
-7.831541
-7.630732
17.470360
1.204852
-15.663081
10.241245
11.847715
-19.076830
1.405661
14.659038
-10.442054
-9.638819
17.871977
1.405661
-15.663081
12.450141
10.040437
-17.671167
0.803235
17.068743
-11.446097
-7.229114
17.269550
1.004044
-15.060655
11.446097
10.642862
-14.859846
-0.602426
19.478447
-7.630732
-4.618601
21.888151
3.212940
-16.064699
12.650950
9.036393
-13.654994
2.409705
17.871977
-8.634775
-7.831541
15.462273
-0.200809
-16.265507
12.851759
11.847715
-14.458228
1.405661
15.060655
-9.839628
-8.835584
17.470360
2.409705
-16.867933
12.851759
9.438010
-16.466316
3.413749
20.884108
-6.425879
-3.212940
18.876020
2.208896
-15.863890
10.241245
11.446097
-16.064699
3.212940
19.880064
-10.241245
-6.827497
15.863890
2.008087
-16.867933
15.462273
10.642862
-13.253376
0.803235
18.474403
-11.245289
-8.835584
15.663081
0.000000
-18.474403
10.442054
9.638819
-19.277637
-1.606470
14.458228
-13.253376
-11.646906
16.064699
-1.405661
-15.060655
13.855803
15.060655
-9.839628
6.225070
20.482491
-8.634775
-9.237202
18.072786
-0.401617
-13.253376
12.048524
12.249332
-15.060655
1.004044
19.277637
-12.650950
-9.237202
16.867933
-0.803235
-15.261463
15.462273
11.044480
-15.462273
0.401617
15.663081
-11.245289
-7.229114
19.076830
-1.606470
-14.458228
11.847715
9.237202
-16.265507
-1.204852
14.458228
-13.253376
-9.237202
17.068743
-1.807279
-15.060655
10.843672
9.638819
-19.076830
0.000000
14.056611
-13.654994
-9.438010
17.871977
0.602426
-11.446097
13.654994
12.851759
-16.667124
1.204852
16.466316
-11.847715
-5.221027
18.072786
1.204852
-13.855803
9.438010
11.847715
-17.470360
3.614557
17.871977
-8.835584
-9.438010
18.072786
-4.016175
-16.265507
8.835584
8.634775
-18.273594
1.204852
16.466316
-11.646906
-8.634775
14.458228
-0.200809
-18.273594
12.851759
8.233158
-17.871977
-0.803235
12.249332
-14.458228
-12.249332
16.064699
-6.425879
-20.683300
10.241245
6.225070
-17.068743
1.405661
11.646906
-12.450141
-10.843672
16.466316
-0.401617
-17.068743
12.249332
8.233158
-19.277637
1.204852
12.650950
-12.048524
-9.438010
14.859846
-0.602426
-19.880064
8.433967
8.233158
-21.084917
2.811322
12.851759
-12.851759
-11.245289
16.265507
-1.405661
-16.265507
13.052567
9.638819
-18.273594
3.212940
15.261463
-11.646906
-9.036393
17.068743
-1.606470
-17.068743
10.843672
6.225070
-20.884108
0.602426
16.265507
-14.659038
-8.233158
14.458228
-3.614557
-15.863890
10.241245
8.433967
-19.277637
3.614557
16.867933
-11.847715
-7.229114
17.671167
-0.401617
-13.855803
14.257420
9.237202
-15.863890
5.020218
20.884108
-8.433967
-5.020218
17.068743
-1.807279
-14.257420
11.847715
11.245289
-17.671167
3.413749
16.667124
-13.052567
-9.237202
13.654994
-5.020218
-15.462273
12.249332
7.229114
-17.871977
0.401617
11.847715
-13.454185
-10.642862
13.654994
-6.024262
-16.265507
8.835584
8.233158
-19.076830
2.610513
13.654994
-10.040437
-7.630732
16.064699
-4.618601
-18.474403
10.843672
4.618601
-17.068743
1.606470
13.253376
-11.446097
-8.032350
14.056611
-3.815366
-16.265507
9.438010
8.433967
-17.269550
5.020218
12.851759
-10.040437
-9.438010
15.261463
-2.610513
-15.863890
9.438010
7.429923
-17.068743
5.421836
16.064699
-8.634775
-7.229114
18.072786
-3.012131
-12.851759
10.040437
9.839628
-15.863890
4.618601
15.060655
-12.851759
-10.241245
14.056611
-3.012131
-16.466316
13.052567
7.429923
-15.060655
4.216983
13.654994
-12.048524
-8.634775
14.056611
-2.208896
-15.462273
9.839628
7.630732
-19.880064
0.803235
11.646906
-13.855803
-10.642862
13.253376
-7.429923
-15.060655
9.438010
10.241245
-14.659038
2.008087
15.261463
-11.847715
-8.433967
17.671167
-3.413749
-15.261463
11.044480
8.634775
-16.466316
3.413749
16.265507
-9.036393
-6.024262
18.273594
-4.417792
-15.863890
9.839628
8.634775
-17.269550
4.016175
16.064699
-9.638819
-5.622644
15.863890
-2.409705
-15.060655
14.056611
11.847715
-15.261463
2.409705
13.253376
-12.650950
-5.622644
19.679256
-0.200809
-11.646906
13.253376
12.249332
-13.052567
6.425879
15.060655
-11.245289
-8.835584
14.859846
-5.421836
-18.273594
10.040437
7.831541
-15.060655
5.823453
15.060655
-12.048524
-8.634775
13.855803
-4.417792
-15.261463
8.433967
8.032350
-17.671167
1.807279
17.470360
-14.458228
-6.425879
12.650950
-2.811322
-15.261463
9.839628
9.839628
-18.876020
3.012131
14.257420
-11.446097
-8.634775
18.273594
-2.610513
-16.466316
10.642862
4.819409
-19.076830
3.815366
16.064699
-10.442054
-6.626688
14.859846
-2.811322
-16.466316
11.847715
7.630732
-15.663081
4.819409
17.871977
-9.839628
-6.225070
15.462273
-1.405661
-15.863890
12.851759
5.622644
-18.072786
0.401617
14.056611
-10.843672
-7.229114
18.072786
-2.811322
-15.261463
9.839628
7.630732
-16.064699
4.016175
15.462273
-12.450141
-9.438010
15.863890
-1.004044
-13.052567
12.851759
8.835584
-16.466316
4.016175
15.863890
-10.241245
-5.823453
16.265507
-2.409705
-15.261463
10.241245
7.630732
-17.671167
5.221027
14.257420
-9.839628
-8.233158
16.064699
-2.610513
-13.654994
10.241245
10.040437
-19.880064
6.626688
13.654994
-8.634775
-6.225070
18.474403
-0.602426
-12.048524
10.442054
10.241245
-16.265507
6.225070
17.871977
-10.843672
-6.225070
15.060655
-3.012131
-15.663081
12.048524
8.634775
-14.458228
4.618601
14.659038
-12.249332
-9.839628
17.269550
-3.212940
-12.851759
8.634775
6.024262
-18.273594
2.610513
17.269550
-10.040437
-7.028306
17.269550
-5.823453
-15.261463
11.044480
9.036393
-15.060655
8.032350
14.458228
-11.646906
-6.425879
16.064699
-2.409705
-11.847715
12.851759
7.429923
-14.659038
1.204852
15.060655
-12.048524
-7.028306
17.068743
-1.204852
-14.659038
12.450141
7.630732
-17.871977
5.622644
11.245289
-12.650950
-10.642862
15.261463
-5.221027
-11.446097
13.052567
8.835584
-14.056611
2.610513
16.867933
-9.638819
-6.024262
17.671167
-3.212940
-16.667124
13.253376
7.429923
-15.060655
3.614557
16.265507
-12.450141
-6.225070
14.659038
-5.622644
-15.261463
9.237202
8.032350
-14.659038
1.204852
15.462273
-14.257420
-6.225070
15.863890
-1.004044
-13.052567
12.650950
8.433967
-14.659038
5.020218
15.261463
-12.450141
-9.438010
14.458228
-6.626688
-15.462273
8.634775
6.024262
-19.277637
4.618601
13.052567
-9.839628
-7.429923
16.466316
-3.413749
-15.261463
7.831541
6.225070
-19.478447
2.811322
15.663081
-11.245289
-6.626688
17.068743
-2.409705
-14.659038
12.650950
6.626688
-16.064699
0.803235
14.056611
-14.859846
-5.622644
14.458228
-1.807279
-14.659038
12.650950
8.634775
-14.659038
2.811322
13.654994
-12.450141
-6.626688
18.072786
-4.618601
-14.659038
8.634775
5.823453
-15.462273
6.024262
16.667124
-9.839628
-5.823453
18.474403
-2.208896
-9.237202
11.245289
9.839628
-15.462273
4.016175
17.068743
-9.237202
-4.216983
19.880064
-0.200809
-11.044480
13.052567
7.028306
-19.076830
2.409705
12.650950
-12.851759
-8.233158
17.671167
-3.614557
-11.245289
13.052567
8.835584
-17.671167
1.807279
14.257420
-12.851759
-6.425879
18.675213
-2.811322
-15.261463
12.048524
7.630732
-17.068743
4.417792
14.257420
-10.040437
-5.221027
19.478447
-4.417792
-16.265507
10.642862
6.827497
-13.654994
6.225070
16.064699
-11.446097
-6.425879
13.454185
-2.208896
-17.871977
13.253376
5.622644
-18.273594
3.815366
15.663081
-13.052567
-5.622644
16.265507
-3.614557
-13.253376
12.249332
7.429923
-13.654994
6.626688
16.667124
-12.851759
-8.433967
14.859846
-3.012131
-13.052567
13.253376
7.229114
-17.269550
3.413749
13.654994
-11.446097
-3.614557
17.470360
-3.413749
-13.654994
8.835584
5.221027
-16.867933
2.409705
14.659038
-13.454185
-6.225070
16.064699
-2.811322
-12.450141
11.646906
7.028306
-15.462273
3.815366
15.462273
-12.450141
-7.831541
14.257420
-2.610513
-16.064699
12.048524
7.229114
-18.876020
3.212940
13.454185
-11.847715
-6.827497
19.478447
-2.409705
-14.659038
12.048524
6.225070
-16.466316
3.815366
13.855803
-12.851759
-7.831541
18.072786
-5.020218
-15.261463
10.843672
7.229114
-16.667124
5.823453
15.663081
-13.454185
-3.012131
16.466316
-2.208896
-13.052567
10.040437
5.020218
-19.880064
2.610513
14.859846
-12.450141
-5.020218
15.060655
-5.421836
-13.454185
11.646906
7.028306
-15.261463
1.807279
14.257420
-12.249332
-6.024262
15.261463
-4.618601
