-15298.139817629179
149151.8833586626
0.0
0.0
0.0
0.0
0.0
0.0
0.0
0.0
0.0
0.0
0.0
0.0
0.0
0.0
0.0
0.0
0.0
0.0
0.0
0.0
0.0
0.0
0.0
0.0
0.0
0.0
0.0
0.0
0.0
0.0
0.0
0.0
0.0
0.0
0.0
0.0
0.0
0.0
0.0
0.0
0.0
0.0
0.0
0.0
0.0
0.0
0.0
0.0
0.0
0.0
0.0
0.0
0.0
0.0
0.0
0.0
0.0
0.0
0.0
0.0
0.0
0.0
0.0
0.0
0.0
0.0
0.0
0.0
0.0
0.0
0.0
0.0
0.0
0.0
0.0
0.0
0.0
0.0
0.0
0.0
0.0
0.0
0.0
0.0
0.0
0.0
0.0
0.0
0.0
0.0
0.0
0.0
0.0
0.0
0.0
0.0
0.0
0.0
0.0
0.0
0.0
0.0
0.0
0.0
0.0
0.0
0.0
0.0
0.0
0.0
0.0
0.0
0.0
0.0
0.0
0.0
0.0
0.0
0.0
0.0
0.0
0.0
0.0
0.0
0.0
0.0
0.0
0.0
0.0
0.0
0.0
0.0
0.0
0.0
0.0
0.0
0.0
0.0
0.0
0.0
0.0
0.0
0.0
0.0
0.0
0.0
0.0
0.0
0.0
0.0
0.0
0.0
0.0
0.0
0.0
0.0
0.0
0.0
0.0
0.0
0.0
0.0
0.0
0.0
0.0
0.0
0.0
0.0
0.0
0.0
0.0
0.0
0.0
0.0
0.0
0.0
0.0
0.0
0.0
0.0
0.0
0.0
0.0
0.0
0.0
0.0
0.0
0.0
0.0
0.0
0.0
0.0
0.0
0.0
0.0
0.0
0.0
0.0
0.0
0.0
-149161.84308510637
17852.809650455925
-36975.4844224924
44614.59460486322
-75215.85410334346
150431.70820668692
7644.090045592705
62467.40425531915
-52268.64437689969
96883.23898176292
-161910.2929331307
-20397.519756838905
-61197.5391337386
14018.314969604862
-99437.90881458967
118560.58358662613
7644.090045592705
48444.1094224924
-43344.729483282674
104532.30889057751
-144062.46314589665
-11473.604863221884
-57373.00417933131
24217.074848024316
-104537.28875379938
130034.18844984802
10193.780015197568
31871.12462006079
-52268.64437689969
82859.94414893616
155526.10828267477
-6374.224924012158
-73945.98898176292
10193.780015197568
-94338.52887537994
113461.2036474164
15293.159954407294
43344.729483282674
-44619.574468085106
103257.46390577508
-144062.46314589665
6379.204787234043
-48449.08928571428
50988.81952887538
-87964.30395136778
145332.3282674772
14018.314969604862
61192.559270516715
-29321.434650455925
104532.30889057751
-124939.78837386018
12753.4297112462
-40800.0193768997
44614.59460486322
-70116.47416413373
124934.8085106383
17842.849924012156
73941.00911854103
-43344.729483282674
108356.8438449848
-126214.63335866261
5104.359802431611
-40800.0193768997
48439.129559270514
-82864.92401215805
140232.94832826746
7644.090045592705
75215.85410334346
-54818.334346504555
104532.30889057751
-156810.91299392097
-12748.449848024316
-66296.91907294832
19117.69490881459
-85414.61398176292
117285.7386018237
7644.090045592705
45894.41945288754
-45894.41945288754
80310.2541793313
-160635.44794832825
-2549.689969604863
-82869.90387537994
39515.2146656535
-91788.83890577508
118560.58358662613
-3834.4946808510635
43344.729483282674
-58642.86930091185
87959.32408814589
-159360.60296352583
4.979863221884498
-75220.83396656535
21667.384878419452
-91788.83890577508
126209.65349544073
7644.090045592705
66291.93920972644
-34420.81458966565
90509.01405775076
-130039.16831306991
4.979863221884498
-50998.77925531915
26766.764817629177
-84139.76899696048
122385.11854103343
8918.935030395136
57368.02431610942
-29321.434650455925
98158.08396656535
-114741.02849544073
16577.964665653493
-33150.949468085106
54813.354483282674
-65017.09422492401
138958.10334346505
10193.780015197568
65017.09422492401
-30596.279635258357
100707.77393617021
-126214.63335866261
5104.359802431611
-58647.84916413374
40790.05965045592
-72666.1641337386
135133.56838905773
11468.625
77765.54407294832
-38245.349544072946
91783.85904255319
-130039.16831306991
-8923.91489361702
-54823.31420972644
59912.7344224924
-65017.09422492401
135133.56838905773
14018.314969604862
58642.86930091185
-54818.334346504555
103257.46390577508
-142787.61816109423
6379.204787234043
-85419.5938449848
38240.369680851065
-85414.61398176292
135133.56838905773
25491.919832826745
80315.23404255319
-47169.26443768997
89234.16907294832
-146612.1531155015
-10198.759878419452
-77770.52393617021
38240.369680851065
-76490.69908814589
131309.03343465045
7644.090045592705
54818.334346504555
-48444.1094224924
72661.18427051671
-141512.77317629178
-1274.8449848024316
-70121.45402735562
58637.88943768997
-53543.48936170212
132583.87841945287
25491.919832826745
54818.334346504555
-47169.26443768997
79035.40919452887
-141512.77317629178
4.979863221884498
-72671.14399696048
38240.369680851065
-75215.85410334346
116010.89361702127
-9.959726443768997
59917.71428571428
-63742.24924012158
81585.09916413373
-142787.61816109423
6379.204787234043
-62472.38411854103
59912.7344224924
-54818.334346504555
128759.34346504559
15293.159954407294
63742.24924012158
-68841.6291793313
66286.95934650456
-142787.61816109423
-21672.364741641337
-68846.60904255319
42064.904635258354
-81590.07902735562
124934.8085106383
-5109.339665653495
47169.26443768997
-65017.09422492401
57363.04445288754
-126214.63335866261
6379.204787234043
-65022.07408814589
44614.59460486322
-75215.85410334346
123659.96352583586
21667.384878419452
82864.92401215805
-43344.729483282674
80310.2541793313
-130039.16831306991
-12748.449848024316
-73945.98898176292
40790.05965045592
-79040.38905775076
117285.7386018237
6369.245060790273
70116.47416413373
-58642.86930091185
84134.7891337386
-145337.3081306991
-11473.604863221884
-86694.43882978724
45889.43958966565
-66291.93920972644
137683.2583586626
16568.004939209724
85414.61398176292
-43344.729483282674
87959.32408814589
-117290.71846504559
-7649.069908814589
-75220.83396656535
29316.45478723404
-82864.92401215805
108361.82370820668
14018.314969604862
82864.92401215805
-44619.574468085106
110906.53381458967
-109641.648556231
21677.34460486322
-56098.159194528875
57363.04445288754
-59917.71428571428
118560.58358662613
25491.919832826745
75215.85410334346
-58642.86930091185
79035.40919452887
-122390.09840425532
-3824.5349544072947
-67571.76405775076
43339.749620060786
-71391.31914893616
118560.58358662613
17842.849924012156
76490.69908814589
-48444.1094224924
76485.719224924
-131314.01329787233
3829.514817629179
-73945.98898176292
57363.04445288754
-59917.71428571428
132583.87841945287
19117.69490881459
87964.30395136778
-45894.41945288754
86684.47910334346
-123664.94338905775
-1274.8449848024316
-63747.22910334346
48439.129559270514
-53543.48936170212
116010.89361702127
14018.314969604862
71391.31914893616
-53543.48936170212
82859.94414893616
-123664.94338905775
1279.824848024316
-63747.22910334346
66286.95934650456
-54818.334346504555
145332.3282674772
10193.780015197568
86689.45896656535
-39520.19452887538
82859.94414893616
-100717.73366261397
21677.34460486322
-66296.91907294832
59912.7344224924
-63742.24924012158
114736.04863221884
16568.004939209724
80315.23404255319
-45894.41945288754
89234.16907294832
-109641.648556231
11478.584726443769
-76495.67895136778
47164.28457446808
-76490.69908814589
104537.28875379938
3819.55509118541
65017.09422492401
-61192.559270516715
67561.804331307
-130039.16831306991
2554.6698328267476
-77770.52393617021
52263.66451367781
-62467.40425531915
119835.42857142857
-1284.8047112462004
85414.61398176292
-79040.38905775076
76485.719224924
-133863.7032674772
5104.359802431611
-84144.74886018237
50988.81952887538
-68841.6291793313
110911.51367781154
7644.090045592705
90513.99392097264
-61192.559270516715
82859.94414893616
-104542.26861702127
12753.4297112462
-73945.98898176292
77760.56420972644
-50993.799392097266
123659.96352583586
33140.98974164134
87964.30395136778
-62467.40425531915
76485.719224924
-121115.25341945289
4.979863221884498
-77770.52393617021
57363.04445288754
-53543.48936170212
110911.51367781154
6369.245060790273
96888.2188449848
-59917.71428571428
81585.09916413373
-101992.5786474164
4.979863221884498
-76495.67895136778
57363.04445288754
-70116.47416413373
113461.2036474164
6369.245060790273
109636.66869300911
-48444.1094224924
99432.92895136778
-104542.26861702127
2554.6698328267476
-70121.45402735562
61187.57940729483
-57368.02431610942
117285.7386018237
2544.7101063829787
101987.59878419453
-63742.24924012158
80310.2541793313
-122390.09840425532
-14023.294832826747
-95618.35372340425
40790.05965045592
-84139.76899696048
91788.83890577508
-10208.719604863221
93063.68389057751
-67566.78419452887
80310.2541793313
-122390.09840425532
4.979863221884498
-89244.1287993921
72661.18427051671
-56093.17933130699
117285.7386018237
8918.935030395136
99437.90881458967
-67566.78419452887
82859.94414893616
-119840.40843465045
-7649.069908814589
-95618.35372340425
48439.129559270514
-67566.78419452887
99437.90881458967
8918.935030395136
94338.52887537994
-42069.88449848024
82859.94414893616
-113466.1835106383
3829.514817629179
-101992.5786474164
59912.7344224924
-58642.86930091185
108361.82370820668
-15308.099544072948
90513.99392097264
-82864.92401215805
59912.7344224924
-116015.87348024316
-19122.674772036473
-99442.88867781154
44614.59460486322
-57368.02431610942
104537.28875379938
11468.625
107086.97872340425
-66291.93920972644
72661.18427051671
-108366.80357142857
-7649.069908814589
-93068.66375379938
66286.95934650456
-62467.40425531915
114736.04863221884
10193.780015197568
96888.2188449848
-72666.1641337386
80310.2541793313
-117290.71846504559
15303.119680851063
-86694.43882978724
68836.64931610943
-56093.17933130699
94338.52887537994
5094.400075987842
87964.30395136778
-67566.78419452887
70111.49430091186
-118565.56344984802
-8923.91489361702
-98168.04369300911
50988.81952887538
-58642.86930091185
104537.28875379938
-1284.8047112462004
101987.59878419453
-81590.07902735562
57363.04445288754
-118565.56344984802
-7649.069908814589
-94343.50873860181
54813.354483282674
-68841.6291793313
91788.83890577508
11468.625
109636.66869300911
-48444.1094224924
67561.804331307
-109641.648556231
4.979863221884498
-99442.88867781154
72661.18427051671
-53543.48936170212
99437.90881458967
11468.625
93063.68389057751
-59917.71428571428
63737.26937689969
-100717.73366261397
-11473.604863221884
-116015.87348024316
48439.129559270514
-67566.78419452887
94338.52887537994
7644.090045592705
80315.23404255319
-79040.38905775076
30591.299772036473
-123664.94338905775
-19122.674772036473
-123664.94338905775
59912.7344224924
-58642.86930091185
93063.68389057751
12743.46998480243
101987.59878419453
-79040.38905775076
68836.64931610943
-109641.648556231
-2549.689969604863
-100717.73366261397
68836.64931610943
-57368.02431610942
100712.7537993921
15293.159954407294
116010.89361702127
-58642.86930091185
86684.47910334346
-80320.21390577508
15303.119680851063
-80320.21390577508
94333.54901215805
-44619.574468085106
109636.66869300911
26766.764817629177
123659.96352583586
-63742.24924012158
99432.92895136778
-79045.36892097264
8928.894756838905
-70121.45402735562
96883.23898176292
-29321.434650455925
112186.35866261397
39515.2146656535
117285.7386018237
-72666.1641337386
95608.39399696048
-67571.76405775076
20402.49962006079
-62472.38411854103
141502.813449848
-21672.364741641337
126209.65349544073
91783.85904255319
-146607.17325227964
-35695.65957446808
145327.34840425532
-11478.584726443769
19127.654635258357
-30601.25949848024
-161910.2929331307
-26771.74468085106
118560.58358662613
99432.92895136778
-136408.41337386018
-44619.574468085106
-142787.61816109423
-12753.4297112462
28051.569528875378
-40800.0193768997
-151711.53305471124
-11473.604863221884
138958.10334346505
114731.06876899695
-155531.08814589665
-53543.48936170212
146602.19338905773
2549.689969604863
19127.654635258357
-30601.25949848024
-161910.2929331307
-42069.88449848024
99437.90881458967
76485.719224924
140232.94832826746
-66291.93920972644
130029.20858662613
-28051.569528875378
-17847.82978723404
-68846.60904255319
135128.58852583586
-49718.954407294834
100712.7537993921
79035.40919452887
155531.08814589665
-70116.47416413373
150426.72834346505
-28051.569528875378
-10198.759878419452
-82869.90387537994
151701.57332826746
-57368.02431610942
91788.83890577508
86684.47910334346
156805.9331306991
-87964.30395136778
136403.43351063828
-63747.22910334346
-38245.349544072946
-104542.26861702127
128754.3636018237
-66291.93920972644
75215.85410334346
72661.18427051671
126209.65349544073
-100712.7537993921
100707.77393617021
-61197.5391337386
-42069.88449848024
-94343.50873860181
154251.26329787233
-42069.88449848024
113461.2036474164
100707.77393617021
145332.3282674772
-103262.44376899695
114731.06876899695
-59922.69414893617
-40795.03951367781
-86694.43882978724
118555.60372340425
-77765.54407294832
58642.86930091185
47164.28457446808
100712.7537993921
-122385.11854103343
95608.39399696048
-86694.43882978724
-61192.559270516715
-140237.92819148937
79035.40919452887
-114736.04863221884
57368.02431610942
31866.144756838905
110911.51367781154
-131309.03343465045
80310.2541793313
-72671.14399696048
-58642.86930091185
-116015.87348024316
85409.63411854103
-90513.99392097264
38245.349544072946
47164.28457446808
99437.90881458967
-126209.65349544073
77760.56420972644
-90518.97378419453
-63742.24924012158
-131314.01329787233
82859.94414893616
-95613.37386018237
38245.349544072946
24217.074848024316
82864.92401215805
-141507.7933130699
75210.87424012157
-73945.98898176292
-50993.799392097266
-105817.1136018237
77760.56420972644
-117285.7386018237
24222.0547112462
6369.245060790273
95613.37386018237
-135133.56838905773
75210.87424012157
-85419.5938449848
-76490.69908814589
-130039.16831306991
75210.87424012157
-100712.7537993921
35695.65957446808
24217.074848024316
99437.90881458967
-150431.70820668692
73936.02925531914
-56098.159194528875
-52268.64437689969
-100717.73366261397
85409.63411854103
-119835.42857142857
31871.12462006079
17842.849924012156
81590.07902735562
-138958.10334346505
61187.57940729483
-79045.36892097264
-49718.954407294834
-126214.63335866261
110906.53381458967
-85414.61398176292
58642.86930091185
40790.05965045592
91788.83890577508
-155531.08814589665
75210.87424012157
-82869.90387537994
-58642.86930091185
-109641.648556231
90509.01405775076
-87964.30395136778
40795.03951367781
34415.83472644377
86689.45896656535
-133858.72340425532
79035.40919452887
-61197.5391337386
-44619.574468085106
-123664.94338905775
76485.719224924
-116010.89361702127
28046.589665653493
25491.919832826745
95613.37386018237
-145332.3282674772
71386.33928571428
-84144.74886018237
-63742.24924012158
-124939.78837386018
89234.16907294832
-101987.59878419453
53543.48936170212
20392.53989361702
94338.52887537994
-146607.17325227964
54813.354483282674
-94343.50873860181
-58642.86930091185
-130039.16831306991
109631.68882978724
-71391.31914893616
45894.41945288754
22942.229863221884
96888.2188449848
-155531.08814589665
68836.64931610943
-84144.74886018237
-58642.86930091185
-117290.71846504559
104532.30889057751
-85414.61398176292
39520.19452887538
39515.2146656535
109636.66869300911
-113461.2036474164
86684.47910334346
-91793.81876899696
-68841.6291793313
-140237.92819148937
81585.09916413373
-89239.14893617021
36970.504559270514
22942.229863221884
132583.87841945287
-136408.41337386018
98158.08396656535
-90518.97378419453
-57368.02431610942
-121115.25341945289
105807.15387537994
-71391.31914893616
52268.64437689969
34415.83472644377
101987.59878419453
-132583.87841945287
86684.47910334346
-65022.07408814589
-49718.954407294834
-130039.16831306991
90509.01405775076
-93063.68389057751
38245.349544072946
50988.81952887538
104537.28875379938
-128759.34346504559
82859.94414893616
-68846.60904255319
-53543.48936170212
-126214.63335866261
93058.70402735562
-79040.38905775076
42069.88449848024
49713.974544072946
101987.59878419453
-141507.7933130699
67561.804331307
-65022.07408814589
-65017.09422492401
-117290.71846504559
86684.47910334346
-95613.37386018237
33145.96960486322
36965.52469604863
118560.58358662613
-135133.56838905773
100707.77393617021
-53548.46922492401
-39520.19452887538
-93068.66375379938
122380.13867781154
-72666.1641337386
58642.86930091185
50988.81952887538
116010.89361702127
-133858.72340425532
75210.87424012157
-93068.66375379938
-70116.47416413373
-130039.16831306991
77760.56420972644
-84139.76899696048
34420.81458966565
33140.98974164134
119835.42857142857
-133858.72340425532
85409.63411854103
-67571.76405775076
-40795.03951367781
-118565.56344984802
105807.15387537994
-99437.90881458967
38245.349544072946
30591.299772036473
99437.90881458967
-121110.273556231
67561.804331307
-58647.84916413374
-65017.09422492401
-117290.71846504559
81585.09916413373
-94338.52887537994
35695.65957446808
36965.52469604863
114736.04863221884
-118560.58358662613
75210.87424012157
-80320.21390577508
-56093.17933130699
-123664.94338905775
114731.06876899695
-71391.31914893616
47169.26443768997
33140.98974164134
104537.28875379938
-135133.56838905773
71386.33928571428
-72671.14399696048
-45894.41945288754
-119840.40843465045
118555.60372340425
-80315.23404255319
49718.954407294834
30591.299772036473
101987.59878419453
-130034.18844984802
59912.7344224924
-76495.67895136778
-68841.6291793313
-145337.3081306991
109631.68882978724
-89239.14893617021
58642.86930091185
48439.129559270514
132583.87841945287
-122385.11854103343
87959.32408814589
-40800.0193768997
-58642.86930091185
-95618.35372340425
104532.30889057751
-84139.76899696048
39520.19452887538
22942.229863221884
103262.44376899695
-138958.10334346505
72661.18427051671
-36975.4844224924
-34420.81458966565
-107091.95858662613
117280.75873860181
-82864.92401215805
47169.26443768997
52263.66451367781
132583.87841945287
-108361.82370820668
87959.32408814589
-63747.22910334346
-52268.64437689969
-137688.2382218845
95608.39399696048
-73941.00911854103
43344.729483282674
38240.369680851065
118560.58358662613
-128759.34346504559
66286.95934650456
-45899.39931610942
-42069.88449848024
-128764.32332826748
101982.61892097264
-99437.90881458967
31871.12462006079
38240.369680851065
117285.7386018237
-135133.56838905773
65012.11436170212
-43349.709346504555
-53543.48936170212
-93068.66375379938
107081.99886018237
-77765.54407294832
35695.65957446808
26766.764817629177
117285.7386018237
-121110.273556231
63737.26937689969
-53548.46922492401
-59917.71428571428
-132588.85828267477
109631.68882978724
-81590.07902735562
39520.19452887538
42064.904635258354
119835.42857142857
-123659.96352583586
77760.56420972644
-63747.22910334346
-54818.334346504555
-124939.78837386018
98158.08396656535
-76490.69908814589
44619.574468085106
36965.52469604863
135133.56838905773
-127484.49848024316
90509.01405775076
-43349.709346504555
-33145.96960486322
-110916.49354103343
128754.3636018237
-71391.31914893616
50993.799392097266
53538.50949848024
123659.96352583586
-123659.96352583586
82859.94414893616
-66296.91907294832
-44619.574468085106
-127489.47834346505
119830.44870820668
-66291.93920972644
49718.954407294834
47164.28457446808
135133.56838905773
-126209.65349544073
91783.85904255319
-38250.329407294834
-34420.81458966565
-123664.94338905775
116005.91375379938
-91788.83890577508
35695.65957446808
36965.52469604863
133858.72340425532
-118560.58358662613
84134.7891337386
-71396.29901215805
-62467.40425531915
-150436.68806990882
116005.91375379938
-53543.48936170212
58642.86930091185
72661.18427051671
130034.18844984802
-116010.89361702127
93058.70402735562
-26776.724544072946
-38245.349544072946
-114741.02849544073
119830.44870820668
-80315.23404255319
35695.65957446808
40790.05965045592
109636.66869300911
-135133.56838905773
62462.42439209726
-42074.86436170212
-58642.86930091185
-114741.02849544073
110906.53381458967
-66291.93920972644
40795.03951367781
54813.354483282674
146607.17325227964
-118560.58358662613
90509.01405775076
-49723.934270516715
-48444.1094224924
-128764.32332826748
119830.44870820668
-58642.86930091185
35695.65957446808
62462.42439209726
133858.72340425532
-130034.18844984802
90509.01405775076
-65022.07408814589
-49718.954407294834
-131314.01329787233
119830.44870820668
-70116.47416413373
49718.954407294834
28041.60980243161
133858.72340425532
-136408.41337386018
75210.87424012157
-67571.76405775076
-63742.24924012158
-150436.68806990882
113456.22378419452
-68841.6291793313
47169.26443768997
47164.28457446808
123659.96352583586
-137683.2583586626
79035.40919452887
-61197.5391337386
-39520.19452887538
-141512.77317629178
109631.68882978724
-94338.52887537994
19122.674772036473
28041.60980243161
113461.2036474164
-138958.10334346505
63737.26937689969
-40800.0193768997
-56093.17933130699
-122390.09840425532
101982.61892097264
-85414.61398176292
35695.65957446808
39515.2146656535
132583.87841945287
-132583.87841945287
73936.02925531914
-67571.76405775076
-38245.349544072946
-151711.53305471124
123654.98366261397
-82864.92401215805
26771.74468085106
48439.129559270514
130034.18844984802
-127484.49848024316
84134.7891337386
-48449.08928571428
-43344.729483282674
-128764.32332826748
124929.8286474164
-66291.93920972644
40795.03951367781
44614.59460486322
132583.87841945287
-140232.94832826746
82859.94414893616
-67571.76405775076
-33145.96960486322
-132588.85828267477
136403.43351063828
-21672.364741641337
58642.86930091185
77760.56420972644
151706.55319148937
-114736.04863221884
86684.47910334346
-35700.63943768997
-48444.1094224924
-121115.25341945289
107081.99886018237
-75215.85410334346
10198.759878419452
26766.764817629177
123659.96352583586
-135133.56838905773
76485.719224924
-66296.91907294832
-59917.71428571428
-130039.16831306991
86684.47910334346
-62467.40425531915
26771.74468085106
40790.05965045592
144057.48328267477
-128759.34346504559
72661.18427051671
-39525.174392097266
-49718.954407294834
-123664.94338905775
132578.898556231
-63742.24924012158
47169.26443768997
43339.749620060786
144057.48328267477
-133858.72340425532
89234.16907294832
-17852.809650455925
-30596.279635258357
-119840.40843465045
130029.20858662613
-80315.23404255319
34420.81458966565
39515.2146656535
151706.55319148937
-117285.7386018237
73936.02925531914
-48449.08928571428
-59917.71428571428
-145337.3081306991
123654.98366261397
-48444.1094224924
45894.41945288754
52263.66451367781
136408.41337386018
-141507.7933130699
65012.11436170212
-11478.584726443769
-24222.0547112462
-91793.81876899696
-158085.75797872338
-24222.0547112462
59917.71428571428
62462.42439209726
135133.56838905773
-140232.94832826746
77760.56420972644
-22952.189589665653
-33145.96960486322
-124939.78837386018
122380.13867781154
-72666.1641337386
21672.364741641337
19117.69490881459
127484.49848024316
-147882.01823708205
68836.64931610943
-38250.329407294834
-43344.729483282674
-132588.85828267477
127479.51861702127
-62467.40425531915
28046.589665653493
52263.66451367781
137683.2583586626
-124934.8085106383
77760.56420972644
-36975.4844224924
-43344.729483282674
-133863.7032674772
118555.60372340425
-73941.00911854103
16572.98480243161
56088.199468085106
161905.31306990882
-117285.7386018237
89234.16907294832
-47174.24430091185
-71391.31914893616
-151711.53305471124
105807.15387537994
-73941.00911854103
19122.674772036473
28041.60980243161
128759.34346504559
-146607.17325227964
80310.2541793313
-11478.584726443769
-29321.434650455925
-104542.26861702127
105807.15387537994
-59917.71428571428
22947.20972644377
43339.749620060786
156805.9331306991
-133858.72340425532
58637.88943768997
-81595.05889057751
-81590.07902735562
158075.79825227964
103257.46390577508
-66291.93920972644
19122.674772036473
36965.52469604863
147882.01823708205
-133858.72340425532
76485.719224924
-42074.86436170212
-59917.71428571428
-135138.54825227964
131304.05357142858
-53543.48936170212
34420.81458966565
42064.904635258354
118560.58358662613
-140232.94832826746
65012.11436170212
-24227.034574468085
-39520.19452887538
-132588.85828267477
105807.15387537994
-73941.00911854103
15298.139817629179
30591.299772036473
141507.7933130699
-142782.63829787233
71386.33928571428
-35700.63943768997
-44619.574468085106
-136413.39323708205
135128.58852583586
-50993.799392097266
35695.65957446808
61187.57940729483
155531.08814589665
-122385.11854103343
72661.18427051671
-33150.949468085106
-59917.71428571428
-152986.3780395137
108356.8438449848
-73941.00911854103
17847.82978723404
29316.45478723404
141507.7933130699
-149156.8632218845
62462.42439209726
-17852.809650455925
-44619.574468085106
-122390.09840425532
124929.8286474164
-71391.31914893616
26771.74468085106
34415.83472644377
147882.01823708205
-158080.7781155015
71386.33928571428
-48449.08928571428
-52268.64437689969
-146612.1531155015
103257.46390577508
-89239.14893617021
1274.8449848024316
49713.974544072946
152981.39817629178
-121110.273556231
73936.02925531914
-31876.104483282674
-43344.729483282674
-146612.1531155015
140227.9684650456
-67566.78419452887
21672.364741641337
59912.7344224924
144057.48328267477
-133858.72340425532
59912.7344224924
-48449.08928571428
-61192.559270516715
-140237.92819148937
119830.44870820668
-53543.48936170212
22947.20972644377
36965.52469604863
135133.56838905773
-133858.72340425532
44614.59460486322
-34425.79445288754
-45894.41945288754
-140237.92819148937
136403.43351063828
-57368.02431610942
19122.674772036473
38240.369680851065
-145332.3282674772
-113461.2036474164
107081.99886018237
1274.8449848024316
-36970.504559270514
-135138.54825227964
142777.65843465045
-53543.48936170212
40795.03951367781
53538.50949848024
-152981.39817629178
-133858.72340425532
75210.87424012157
-45899.39931610942
-50993.799392097266
-160635.44794832825
140227.9684650456
-59917.71428571428
43344.729483282674
42064.904635258354
144057.48328267477
-145332.3282674772
65012.11436170212
5099.379939209726
-24222.0547112462
-107091.95858662613
150426.72834346505
-62467.40425531915
29321.434650455925
52263.66451367781
142782.63829787233
-138958.10334346505
71386.33928571428
-33150.949468085106
-42069.88449848024
-146612.1531155015
117280.75873860181
-66291.93920972644
17847.82978723404
43339.749620060786
141507.7933130699
-145332.3282674772
52263.66451367781
-24227.034574468085
-47169.26443768997
-127489.47834346505
141502.813449848
-47169.26443768997
47169.26443768997
57363.04445288754
146607.17325227964
-138958.10334346505
44614.59460486322
-19127.654635258357
-58642.86930091185
-136413.39323708205
127479.51861702127
-56093.17933130699
24222.0547112462
43339.749620060786
133858.72340425532
-155531.08814589665
58637.88943768997
-31876.104483282674
-24222.0547112462
-133863.7032674772
147877.03837386018
-53543.48936170212
26771.74468085106
35690.6797112462
145332.3282674772
-158080.7781155015
44614.59460486322
-25501.879559270517
-61192.559270516715
-136413.39323708205
145327.34840425532
-42069.88449848024
47169.26443768997
45889.43958966565
141507.7933130699
-152981.39817629178
50988.81952887538
-30601.25949848024
-38245.349544072946
-150436.68806990882
132578.898556231
-71391.31914893616
10198.759878419452
40790.05965045592
144057.48328267477
-141507.7933130699
65012.11436170212
-28051.569528875378
-42069.88449848024
-152986.3780395137
132578.898556231
-75215.85410334346
14023.294832826747
47164.28457446808
154256.24316109423
-138958.10334346505
75210.87424012157
-6379.204787234043
-40795.03951367781
-130039.16831306991
161900.33320668692
-40795.03951367781
40795.03951367781
66286.95934650456
154256.24316109423
-144057.48328267477
65012.11436170212
-15303.119680851063
-45894.41945288754
-137688.2382218845
135128.58852583586
-54818.334346504555
11473.604863221884
50988.81952887538
-156805.9331306991
-149156.8632218845
85409.63411854103
-20402.49962006079
-39520.19452887538
-128764.32332826748
151701.57332826746
-42069.88449848024
21672.364741641337
59912.7344224924
-149156.8632218845
-130034.18844984802
86684.47910334346
-19127.654635258357
-47169.26443768997
-152986.3780395137
147877.03837386018
-45894.41945288754
15298.139817629179
58637.88943768997
142782.63829787233
-138958.10334346505
50988.81952887538
-11478.584726443769
-63742.24924012158
-146612.1531155015
133853.74354103341
-66291.93920972644
16572.98480243161
40790.05965045592
133858.72340425532
-156805.9331306991
42064.904635258354
-15303.119680851063
-50993.799392097266
-133863.7032674772
122380.13867781154
-56093.17933130699
5099.379939209726
53538.50949848024
161905.31306990882
-142782.63829787233
63737.26937689969
-34425.79445288754
-49718.954407294834
163175.17819148937
158075.79825227964
-24222.0547112462
39520.19452887538
80310.2541793313
156805.9331306991
-145332.3282674772
57363.04445288754
-24227.034574468085
-49718.954407294834
-136413.39323708205
132578.898556231
-53543.48936170212
6374.224924012158
39515.2146656535
158080.7781155015
-142782.63829787233
49713.974544072946
-40800.0193768997
-76490.69908814589
158075.79825227964
126204.67363221884
-52268.64437689969
8923.91489361702
47164.28457446808
-156805.9331306991
-156805.9331306991
72661.18427051671
-16577.964665653493
-52268.64437689969
-138963.08320668692
131304.05357142858
-66291.93920972644
2549.689969604863
24217.074848024316
155531.08814589665
-154256.24316109423
54813.354483282674
-21677.34460486322
-57368.02431610942
-150436.68806990882
114731.06876899695
-62467.40425531915
3824.5349544072947
34415.83472644377
161905.31306990882
-144057.48328267477
57363.04445288754
-14028.274696048631
-43344.729483282674
-155536.06800911852
131304.05357142858
-61192.559270516715
7649.069908814589
57363.04445288754
-151706.55319148937
-138958.10334346505
66286.95934650456
-22952.189589665653
-44619.574468085106
-151711.53305471124
147877.03837386018
-43344.729483282674
6374.224924012158
56088.199468085106
-163180.15805471124
-146607.17325227964
57363.04445288754
-25501.879559270517
-61192.559270516715
-147886.99810030396
133853.74354103341
-47169.26443768997
16572.98480243161
44614.59460486322
-161905.31306990882
-150431.70820668692
42064.904635258354
-38250.329407294834
-65017.09422492401
152976.4183130699
146602.19338905773
-56093.17933130699
17847.82978723404
40790.05965045592
-151706.55319148937
-155531.08814589665
79035.40919452887
-10203.739741641337
-48444.1094224924
-149161.84308510637
138953.12348024314
-59917.71428571428
6374.224924012158
47164.28457446808
-151706.55319148937
-150431.70820668692
61187.57940729483
-30601.25949848024
-68841.6291793313
161900.33320668692
126204.67363221884
-62467.40425531915
-1279.824848024316
49713.974544072946
-158080.7781155015
-138958.10334346505
56088.199468085106
-31876.104483282674
-66291.93920972644
158075.79825227964
144052.50341945287
-33145.96960486322
17847.82978723404
54813.354483282674
-155531.08814589665
-154256.24316109423
71386.33928571428
-3829.514817629179
-49718.954407294834
-156810.91299392097
146602.19338905773
-57368.02431610942
20397.519756838905
38240.369680851065
152981.39817629178
-158080.7781155015
61187.57940729483
12748.449848024316
-33145.96960486322
-144062.46314589665
159350.64323708205
-48444.1094224924
26771.74468085106
58637.88943768997
-159355.62310030396
-163180.15805471124
54813.354483282674
1274.8449848024316
-44619.574468085106
-135138.54825227964
-160635.44794832825
-42069.88449848024
22947.20972644377
66286.95934650456
-145332.3282674772
-144057.48328267477
76485.719224924
-15303.119680851063
-40795.03951367781
-150436.68806990882
155526.10828267477
-42069.88449848024
14023.294832826747
70111.49430091186
-155531.08814589665
-144057.48328267477
56088.199468085106
-21677.34460486322
-79040.38905775076
-158085.75797872338
124929.8286474164
-56093.17933130699
2549.689969604863
47164.28457446808
-161905.31306990882
-144057.48328267477
66286.95934650456
8923.91489361702
-43344.729483282674
-147886.99810030396
155526.10828267477
-35695.65957446808
12748.449848024316
67561.804331307
-163180.15805471124
-146607.17325227964
63737.26937689969
0.0
-35695.65957446808
-137688.2382218845
-138963.08320668692
-17847.82978723404
7649.069908814589
50988.81952887538
136408.41337386018
151706.55319148937
45889.43958966565
-7654.049772036474
-52268.64437689969
-149161.84308510637
135128.58852583586
-62467.40425531915
-5104.359802431611
45889.43958966565
-151706.55319148937
-144057.48328267477
59912.7344224924
11473.604863221884
-44619.574468085106
-152986.3780395137
152976.4183130699
-40795.03951367781
5099.379939209726
81585.09916413373
-132583.87841945287
-138958.10334346505
90509.01405775076
20397.519756838905
-36970.504559270514
-151711.53305471124
159350.64323708205
-57368.02431610942
2549.689969604863
57363.04445288754
-158080.7781155015
-163180.15805471124
63737.26937689969
1274.8449848024316
-56093.17933130699
-140237.92819148937
-161910.2929331307
-39520.19452887538
24222.0547112462
58637.88943768997
-155531.08814589665
-150431.70820668692
50988.81952887538
-2554.6698328267476
-63742.24924012158
-158085.75797872338
156800.9532674772
-47169.26443768997
3824.5349544072947
52263.66451367781
-152981.39817629178
160630.46808510637
75210.87424012157
-6379.204787234043
-49718.954407294834
158075.79825227964
159350.64323708205
-58642.86930091185
20397.519756838905
70111.49430091186
-142782.63829787233
-147882.01823708205
71386.33928571428
1274.8449848024316
-56093.17933130699
159350.64323708205
141502.813449848
-67566.78419452887
-7654.049772036474
30591.299772036473
140232.94832826746
140232.94832826746
43339.749620060786
-14028.274696048631
-42069.88449848024
-159360.60296352583
152976.4183130699
-45894.41945288754
-3829.514817629179
49713.974544072946
154256.24316109423
-160630.46808510637
44614.59460486322
-26776.724544072946
-66291.93920972644
128754.3636018237
126204.67363221884
-48444.1094224924
1274.8449848024316
54813.354483282674
-154256.24316109423
-159355.62310030396
48439.129559270514
7649.069908814589
-50993.799392097266
158075.79825227964
135128.58852583586
-62467.40425531915
-5104.359802431611
34415.83472644377
159355.62310030396
141507.7933130699
34415.83472644377
-11478.584726443769
-62467.40425531915
-160635.44794832825
158075.79825227964
-43344.729483282674
2549.689969604863
68836.64931610943
-147882.01823708205
-154256.24316109423
63737.26937689969
-8928.894756838905
-57368.02431610942
160625.4882218845
132578.898556231
-66291.93920972644
-34425.79445288754
26766.764817629177
160630.46808510637
156805.9331306991
53538.50949848024
5099.379939209726
-56093.17933130699
-158085.75797872338
151701.57332826746
-53543.48936170212
14023.294832826747
53538.50949848024
-137683.2583586626
-145332.3282674772
53538.50949848024
5099.379939209726
-52268.64437689969
158075.79825227964
-160635.44794832825
-35695.65957446808
14023.294832826747
63737.26937689969
-137683.2583586626
158080.7781155015
57363.04445288754
-31876.104483282674
-67566.78419452887
141502.813449848
142777.65843465045
-47169.26443768997
-20402.49962006079
59912.7344224924
-130034.18844984802
-150431.70820668692
99432.92895136778
22947.20972644377
-43344.729483282674
-145337.3081306991
-144062.46314589665
-35695.65957446808
14023.294832826747
77760.56420972644
-141507.7933130699
161905.31306990882
66286.95934650456
22947.20972644377
-54818.334346504555
-136413.39323708205
-137688.2382218845
-31871.12462006079
15298.139817629179
77760.56420972644
-155531.08814589665
-158080.7781155015
75210.87424012157
47169.26443768997
-38245.349544072946
-140237.92819148937
-140237.92819148937
-24222.0547112462
0.0
101982.61892097264
-116010.89361702127
-141507.7933130699
126204.67363221884
81590.07902735562
-35695.65957446808
-141512.77317629178
-140237.92819148937
-56093.17933130699
-11478.584726443769
99432.92895136778
-118560.58358662613
-163180.15805471124
96883.23898176292
45894.41945288754
-65017.09422492401
-140237.92819148937
-112191.33852583586
-22947.20972644377
7649.069908814589
103257.46390577508
-144057.48328267477
132583.87841945287
59912.7344224924
12748.449848024316
-87964.30395136778
156800.9532674772
-132588.85828267477
-44619.574468085106
-10203.739741641337
81585.09916413373
-138958.10334346505
130034.18844984802
85409.63411854103
33145.96960486322
-76490.69908814589
160625.4882218845
-118565.56344984802
-57368.02431610942
0.0
87959.32408814589
-151706.55319148937
146607.17325227964
67561.804331307
25496.899696048633
-85414.61398176292
-160635.44794832825
-126214.63335866261
-38245.349544072946
10198.759878419452
93058.70402735562
-113461.2036474164
146607.17325227964
77760.56420972644
34420.81458966565
-86689.45896656535
-154261.2230243161
-141512.77317629178
-50993.799392097266
-17852.809650455925
82859.94414893616
-141507.7933130699
145332.3282674772
72661.18427051671
35695.65957446808
-67566.78419452887
155526.10828267477
-138963.08320668692
-54818.334346504555
-16577.964665653493
63737.26937689969
151706.55319148937
123659.96352583586
-9.959726443768997
-86694.43882978724
-140232.94832826746
54813.354483282674
45889.43958966565
-105812.13373860181
-101992.5786474164
-59927.67401215805
99437.90881458967
90513.99392097264
-45904.37917933131
-71396.29901215805
-121110.273556231
50988.81952887538
47164.28457446808
-119835.42857142857
-93068.66375379938
-57377.98404255319
109636.66869300911
86689.45896656535
-39530.15425531915
-65022.07408814589
-99437.90881458967
81585.09916413373
67561.804331307
-90513.99392097264
-82869.90387537994
-49728.9141337386
121110.273556231
103262.44376899695
-42079.84422492401
-58647.84916413374
-101987.59878419453
84134.7891337386
65012.11436170212
-82864.92401215805
-63747.22910334346
-40804.99924012158
142782.63829787233
117285.7386018237
-40804.99924012158
-47174.24430091185
-85414.61398176292
96883.23898176292
89234.16907294832
-62467.40425531915
-68846.60904255319
-25506.8594224924
126209.65349544073
131309.03343465045
-28056.549392097262
-34425.79445288754
-76490.69908814589
91783.85904255319
103257.46390577508
-66291.93920972644
-43349.709346504555
-36980.46428571428
138958.10334346505
142782.63829787233
-28056.549392097262
-29326.41451367781
-70116.47416413373
77760.56420972644
94333.54901215805
-56093.17933130699
-44624.55433130699
-8933.87462006079
-160630.46808510637
149156.8632218845
-8933.87462006079
-19127.654635258357
-53543.48936170212
118555.60372340425
109631.68882978724
-45894.41945288754
-34425.79445288754
-11483.564589665653
-158080.7781155015
-160630.46808510637
14018.314969604862
3824.5349544072947
-24222.0547112462
122380.13867781154
122380.13867781154
-31871.12462006079
-25501.879559270517
14018.314969604862
-145332.3282674772
158080.7781155015
11468.625
-12753.4297112462
-30596.279635258357
126204.67363221884
119830.44870820668
-26771.74468085106
-21677.34460486322
5094.400075987842
-147882.01823708205
156805.9331306991
-3834.4946808510635
-16577.964665653493
-29321.434650455925
126204.67363221884
137678.27849544073
-11473.604863221884
-21677.34460486322
22942.229863221884
-136408.41337386018
-154256.24316109423
14018.314969604862
16572.98480243161
-20397.519756838905
145327.34840425532
149151.8833586626
-28046.589665653493
-4.979863221884498
10193.780015197568
-121110.273556231
-151706.55319148937
16568.004939209724
11473.604863221884
-6374.224924012158
147877.03837386018
149151.8833586626
7654.049772036474
-3829.514817629179
40790.05965045592
-119835.42857142857
-144057.48328267477
21667.384878419452
24222.0547112462
-19122.674772036473
146602.19338905773
128754.3636018237
-26771.74468085106
-10203.739741641337
36965.52469604863
-100712.7537993921
-110911.51367781154
39515.2146656535
19122.674772036473
-16572.98480243161
147877.03837386018
152976.4183130699
10203.739741641337
8923.91489361702
35690.6797112462
-114736.04863221884
-141507.7933130699
25491.919832826745
14023.294832826747
-7649.069908814589
149151.8833586626
155526.10828267477
-3824.5349544072947
0.0
35690.6797112462
-112186.35866261397
-135133.56838905773
14018.314969604862
10198.759878419452
-39520.19452887538
150426.72834346505
142777.65843465045
8928.894756838905
15298.139817629179
28041.60980243161
-93063.68389057751
-138958.10334346505
45889.43958966565
25496.899696048633
-2549.689969604863
145327.34840425532
145327.34840425532
-3824.5349544072947
-6379.204787234043
26766.764817629177
-99437.90881458967
-133858.72340425532
48439.129559270514
36970.504559270514
-1274.8449848024316
155526.10828267477
124929.8286474164
-6374.224924012158
-19127.654635258357
29316.45478723404
-81590.07902735562
-124934.8085106383
58637.88943768997
47169.26443768997
-14023.294832826747
-158085.75797872338
151701.57332826746
17852.809650455925
5099.379939209726
47164.28457446808
-107086.97872340425
-131309.03343465045
36965.52469604863
30596.279635258357
4.979863221884498
150426.72834346505
154251.26329787233
4.979863221884498
-2554.6698328267476
35690.6797112462
-82864.92401215805
-123659.96352583586
61187.57940729483
31871.12462006079
-8923.91489361702
140227.9684650456
137678.27849544073
-2549.689969604863
2549.689969604863
38240.369680851065
-118560.58358662613
-131309.03343465045
21667.384878419452
11473.604863221884
4.979863221884498
141502.813449848
163175.17819148937
11478.584726443769
3824.5349544072947
26766.764817629177
-116010.89361702127
-135133.56838905773
34415.83472644377
16572.98480243161
-2549.689969604863
121105.29369300911
161900.33320668692
6379.204787234043
8923.91489361702
42064.904635258354
-94338.52887537994
-136408.41337386018
26766.764817629177
31871.12462006079
-16572.98480243161
159350.64323708205
161900.33320668692
15303.119680851063
3824.5349544072947
43339.749620060786
-104537.28875379938
-122385.11854103343
26766.764817629177
24222.0547112462
-15298.139817629179
130029.20858662613
141502.813449848
-7649.069908814589
0.0
39515.2146656535
-107086.97872340425
-128759.34346504559
14018.314969604862
20397.519756838905
-21672.364741641337
141502.813449848
147877.03837386018
1279.824848024316
2549.689969604863
22942.229863221884
-101987.59878419453
-141507.7933130699
36965.52469604863
19122.674772036473
-16572.98480243161
147877.03837386018
155526.10828267477
11478.584726443769
7649.069908814589
19117.69490881459
-99437.90881458967
-144057.48328267477
40790.05965045592
31871.12462006079
-14023.294832826747
142777.65843465045
152976.4183130699
5104.359802431611
-7654.049772036474
31866.144756838905
-110911.51367781154
-158080.7781155015
30591.299772036473
17847.82978723404
-5099.379939209726
146602.19338905773
-146612.1531155015
7654.049772036474
6374.224924012158
31866.144756838905
-107086.97872340425
-138958.10334346505
25491.919832826745
33145.96960486322
-22947.20972644377
124929.8286474164
147877.03837386018
-7649.069908814589
-10203.739741641337
30591.299772036473
-105812.13373860181
-156805.9331306991
33140.98974164134
25496.899696048633
-8923.91489361702
142777.65843465045
152976.4183130699
4.979863221884498
-15303.119680851063
15293.159954407294
-119835.42857142857
-150431.70820668692
20392.53989361702
31871.12462006079
-6374.224924012158
131304.05357142858
155526.10828267477
14028.274696048631
-10203.739741641337
47164.28457446808
-94338.52887537994
-144057.48328267477
44614.59460486322
40795.03951367781
-7649.069908814589
146602.19338905773
149151.8833586626
-2549.689969604863
-15303.119680851063
20392.53989361702
-124934.8085106383
-155531.08814589665
14018.314969604862
19122.674772036473
-17847.82978723404
128754.3636018237
138953.12348024314
7654.049772036474
-16577.964665653493
26766.764817629177
-101987.59878419453
-155531.08814589665
38240.369680851065
29321.434650455925
-10198.759878419452
133853.74354103341
131304.05357142858
-7649.069908814589
-29326.41451367781
21667.384878419452
-114736.04863221884
-156805.9331306991
34415.83472644377
43344.729483282674
11478.584726443769
149151.8833586626
-158085.75797872338
1279.824848024316
1274.8449848024316
43339.749620060786
-87964.30395136778
-151706.55319148937
24217.074848024316
12748.449848024316
-30596.279635258357
118555.60372340425
132578.898556231
-2549.689969604863
-28051.569528875378
31866.144756838905
-112186.35866261397
-160630.46808510637
20392.53989361702
12748.449848024316
-28046.589665653493
116005.91375379938
122380.13867781154
-30596.279635258357
-36975.4844224924
5094.400075987842
-123659.96352583586
-155531.08814589665
6369.245060790273
14023.294832826747
-22947.20972644377
121105.29369300911
155526.10828267477
3829.514817629179
-8928.894756838905
39515.2146656535
-101987.59878419453
-147882.01823708205
17842.849924012156
11473.604863221884
-30596.279635258357
113456.22378419452
151701.57332826746
3829.514817629179
-10203.739741641337
38240.369680851065
-113461.2036474164
-152981.39817629178
16568.004939209724
36970.504559270514
-31871.12462006079
124929.8286474164
145327.34840425532
-7649.069908814589
-6379.204787234043
24217.074848024316
-112186.35866261397
-146607.17325227964
15293.159954407294
52268.64437689969
-16572.98480243161
144052.50341945287
163175.17819148937
-6374.224924012158
-17852.809650455925
21667.384878419452
-110911.51367781154
-150431.70820668692
38240.369680851065
20397.519756838905
-8923.91489361702
124929.8286474164
150426.72834346505
-7649.069908814589
-14028.274696048631
44614.59460486322
-80315.23404255319
-133858.72340425532
36965.52469604863
26771.74468085106
-25496.899696048633
130029.20858662613
156800.9532674772
2554.6698328267476
-10203.739741641337
7644.090045592705
-103262.44376899695
146607.17325227964
30591.299772036473
24222.0547112462
-17847.82978723404
121105.29369300911
160625.4882218845
1279.824848024316
-1279.824848024316
45889.43958966565
-87964.30395136778
-145332.3282674772
25491.919832826745
25496.899696048633
-29321.434650455925
130029.20858662613
163175.17819148937
8928.894756838905
-15303.119680851063
28041.60980243161
-109636.66869300911
-154256.24316109423
22942.229863221884
38245.349544072946
-25496.899696048633
128754.3636018237
-159360.60296352583
10203.739741641337
-14028.274696048631
25491.919832826745
-117285.7386018237
159355.62310030396
19117.69490881459
57368.02431610942
-33145.96960486322
146602.19338905773
-156810.91299392097
-1274.8449848024316
0.0
35690.6797112462
-101987.59878419453
-156805.9331306991
25491.919832826745
14023.294832826747
-35695.65957446808
112181.37879939209
140227.9684650456
-2549.689969604863
-26776.724544072946
38240.369680851065
-100712.7537993921
-150431.70820668692
33140.98974164134
44619.574468085106
-11473.604863221884
142777.65843465045
156800.9532674772
-5099.379939209726
-30601.25949848024
36965.52469604863
-114736.04863221884
-145332.3282674772
8918.935030395136
34420.81458966565
-39520.19452887538
128754.3636018237
151701.57332826746
-12748.449848024316
-26776.724544072946
24217.074848024316
-101987.59878419453
-159355.62310030396
33140.98974164134
31871.12462006079
-35695.65957446808
123654.98366261397
150426.72834346505
1279.824848024316
-30601.25949848024
31866.144756838905
-126209.65349544073
